0.0000003
0.0000003
0.0000003
0.0000003
0.0000003
0.0000003
0.0000003
0.0000003
0.0000003
0.0000003
0.0000003
0.0000003
0.0000003
0.0000003
0.0000003
0.0000003
0.0000003
0.0000003
0.0000003
0.0000003
0.0000003
0.0000003
0.0000003
0.0000003
0.0000003
0.0000003
0.0000003
0.0000003
0.0000003
0.0000003
0.0000003
0.0000003
0.0000003
0.0000003
0.0000003
0.0000003
0.1690913
0.1366113
0.0000003
0.0000003
0.0000003
0.0000003
0.0000003
0.0000003
0.0000003
0.0000003
0.0000003
0.0000003
0.0000003
0.0000003
0.0000003
0.0000003
0.0000003
0.0000003
0.0000003
0.1127013
0.0000003
0.1310923
0.0000003
0.0000003
0.0000003
0.0000003
0.0000003
0.0000003
0.0000003
0.0000003
0.0000003
0.0000003
0.0000003
0.0000003
0.0000003
0.0000003
0.0000003
0.0000003
0.0000003
0.0000003
0.0000003
0.0000003
0.0000003
0.0000003
0.1088533
0.0000003
0.0000003
0.0000003
0.1118543
0.0000003
0.0000003
0.0000003
0.0000003
0.0000003
0.0000003
0.0000003
0.0000003
0.0000003
0.1389593
0.0000003
0.0000003
0.0000003
0.0000003
0.0000003
0.0000003
0.0000003
0.1021663
0.0000003
0.0000003
0.0000003
0.0000003
0.0000003
0.0000003
0.0000003
0.0000003
0.0000003
0.0000003
0.0000003
0.1729253
0.0000003
0.0000003
0.0000003
0.0000003
0.0000003
0.0000003
0.0000003
0.0000003
0.0000003
0.0000003
0.0000003
0.0000003
0.0000003
0.0000003
0.0940993
0.0000003
0.0000003
0.0000003
0.1447043
0.0000003
0.0000003
0.0000003
0.0000003
0.0000003
0.0000003
0.0976113
0.0000003
0.0000003
0.0000003
0.0000003
0.0000003
0.0000003
0.0997963
0.0000003
0.0000003
0.0000003
0.0000003
0.0000003
0.0000003
0.0000003
0.0000003
0.0000003
0.0000003
0.0000003
0.0000003
0.0000003
0.0000003
0.0000003
0.0000003
0.0000003
0.0000003
0.0000003
0.0000003
0.0000003
0.0000003
0.0000003
0.0000003
0.0000003
0.1065063
0.0000003
0.1898143
0.0000003
0.0000003
0.1528593
0.0000003
0.0000003
0.1709553
0.0000003
0.1251723
0.1441563
0.1530483
0.0000003
0.0000003
0.0000003
0.0000003
0.0000003
0.0000003
0.0000003
0.0000003
0.0000003
0.0000003
0.0000003
0.0000003
0.0000003
0.0000003
0.0000003
0.0000003
0.0000003
0.0000003
0.0000003
0.0000003
0.0000003
0.0000003
0.0000003
0.0000003
0.0000003
0.1411393
0.0000003
0.0000003
0.0000003
0.0000003
0.0000003
0.0000003
0.0000003
0.0000003
0.0000003
0.0000003
0.0000003
0.1538523
0.0000003
0.0000003
0.0000003
0.0000003
0.0000003
0.0000003
0.0000003
0.0000003
0.0000003
0.0000003
0.0000003
0.1389593
0.0000003
0.0000003
0.0000003
0.0000003
0.0000003
0.0000003
0.0000003
0.0000003
0.0000003
0.0000003
0.0000003
0.0000003
0.1034883
0.0000003
0.0000003
0.0000003
0.0000003
0.1746843
0.0000003
0.0000003
0.0000003
0.0000003
0.0000003
0.0000003
0.1042503
0.0000003
0.0000003
0.0000003
0.0000003
0.0000003
0.0000003
0.0000003
0.0000003
0.0000003
0.0000003
0.0000003
0.0000003
0.1919443
0.0000003
0.0000003
0.0000003
0.0000003
0.0000003
0.0000003
0.0000003
0.0000003
0.1518453
0.1107143
0.1610293
0.0000003
0.0000003
0.0000003
0.0000003
0.0000003
0.0000003
0.0000003
0.1775853
0.0000003
0.0000003
0.0000003
0.1651463
0.0000003
0.1652333
0.0000003
0.0000003
0.0000003
0.1132323
0.0000003
0.0000003
0.0000003
0.0000003
0.0000003
0.0000003
0.0000003
0.0000003
0.0000003
0.0000003
0.0000003
0.1204173
0.0000003
0.0000003
0.0000003
0.0000003
0.0000003
0.0000003
0.0000003
0.0000003
0.0000003
0.1737723
0.1624713
0.0000003
0.0000003
0.0000003
0.0000003
0.0000003
0.0000003
0.0000003
0.0000003
0.0000003
0.0000003
0.0000003
0.0000003
0.0000003
0.0000003
0.0000003
0.0000003
0.0000003
0.0000003
0.0000003
0.0000003
0.0000003
0.1510843
0.0000003
0.0000003
0.0000003
0.0000003
0.0000003
0.0000003
0.0000003
0.0000003
0.0000003
0.0000003
0.0000003
0.0000003
0.0000003
0.0000003
0.0000003
0.0000003
0.0000003
0.0000003
0.0000003
0.0000003
0.0000003
0.0000003
0.1510523
0.0000003
0.0000003
0.0000003
0.0000003
0.0000003
0.0000003
0.0000003
0.0000003
0.0000003
0.0926243
0.0000003
0.0000003
0.0000003
0.0000003
0.0000003
0.0000003
0.0000003
0.0000003
0.0000003
0.0000003
0.0000003
0.0000003
0.0000003
0.0000003
0.0000003
0.0000003
0.0000003
0.0000003
0.0000003
0.0000003
0.0000003
0.0000003
0.0000003
0.0000003
0.0000003
0.0000003
0.0000003
0.0000003
0.0000003
0.0000003
0.1857403
0.0000003
0.0000003
0.0000003
0.1624713
0.0000003
0.0000003
0.0000003
0.0000003
0.0000003
0.0000003
0.0000003
0.0000003
0.0000003
0.1510523
0.0000003
0.0000003
0.0000003
0.0000003
0.0000003
0.0000003
0.0000003
0.0000003
0.0000003
0.0000003
0.0000003
0.0000003
0.0000003
0.1530483
0.0000003
0.0000003
0.1295333
0.0000003
0.0000003
0.0000003
0.0000003
0.0000003
0.0000003
0.1678863
0.0000003
0.0000003
0.0000003
0.0000003
0.0000003
0.1624713
0.0000003
0.1179123
0.0000003
0.0000003
0.0000003
0.0000003
0.0000003
0.0000003
0.0000003
0.0000003
0.0000003
0.0000003
0.0000003
