0.0000003
0.0000003
0.0000003
0.0000003
0.0000003
0.0000003
0.0000003
0.0000003
0.0000003
0.0000003
0.0000003
0.0000003
0.0000003
0.0000003
0.0000003
0.0075353
0.0000003
0.0252713
0.0000003
0.0000003
0.0000003
0.0000003
0.0000003
0.0000003
0.0172593
0.0000003
0.0000003
0.0000003
0.0000003
0.0000003
0.0000003
0.0000003
0.0000003
0.0000003
0.0000003
0.0068023
0.0126273
0.0134263
0.0000003
0.0000003
0.0000003
0.0000003
0.0000003
0.0000003
0.0000003
0.0000003
0.0000003
0.0157013
0.0075353
0.0257833
0.0075353
0.0000003
0.0000003
0.0068023
0.0437943
0.0098753
0.0000003
0.0175713
0.0000003
0.0000003
0.4913513
0.0000003
0.0000003
0.0000003
0.0000003
0.0000003
0.0000003
0.0081463
0.0000003
0.0000003
0.0000003
0.0000003
0.0000003
0.0000003
0.0134263
0.0000003
0.0000003
0.0134263
0.0094763
0.0000003
0.0437943
0.0000003
0.0000003
0.0000003
0.0180213
0.0000003
0.0000003
0.0308363
0.0000003
0.0000003
0.0000003
0.0000003
0.0000003
0.0000003
0.0134263
0.0000003
0.0000003
0.0000003
0.0000003
0.0000003
0.0000003
0.0075353
0.0085233
0.2867013
0.0000003
0.0000003
0.0000003
0.0000003
0.0000003
0.0000003
0.0000003
0.0134263
0.0000003
0.0000003
0.0134263
0.0000003
0.0000003
0.0157013
0.0000003
0.0000003
0.0000003
0.4826473
0.0075353
0.0000003
0.0134263
0.0000003
0.0000003
0.0070563
0.0000003
0.0210883
0.0000003
0.0000003
0.0337223
0.1446303
0.0070563
0.0000003
0.0000003
0.0000003
0.0000003
0.0000003
0.0510383
0.0109213
0.0000003
0.0000003
0.0081463
0.0000003
0.0070563
0.1953933
0.0000003
0.0075353
0.0075353
0.0000003
0.0000003
0.0749113
0.0134263
0.0094763
0.0000003
0.0000003
0.0078683
0.0664403
0.0000003
0.0000003
0.0000003
0.0516633
0.0075353
0.0000003
0.0000003
0.0000003
0.0000003
0.0000003
0.0074803
0.0000003
0.0000003
0.0342083
0.0075353
0.0134263
0.0000003
0.0152533
0.0134263
0.0000003
0.0151413
0.0134263
0.0000003
0.0347473
0.2533803
0.0134263
0.0000003
0.0000003
0.0000003
0.0000003
0.0000003
0.0000003
0.0364103
0.0116403
0.0000003
0.0000003
0.0000003
0.0157013
0.0000003
0.0000003
0.0000003
0.0000003
0.0098753
0.0000003
0.0000003
0.0000003
0.0000003
0.0075353
0.0080033
0.0000003
0.0000003
0.2951153
0.0134263
0.0075353
0.0000003
0.0625843
0.0000003
0.0000003
0.0000003
0.0134263
0.0000003
0.0000003
0.0000003
0.0250663
0.0000003
0.0000003
0.0000003
0.0000003
0.0094763
0.0000003
0.0075353
0.0000003
0.0068023
0.0078683
0.0000003
0.0109763
0.0000003
0.0000003
0.0000003
0.0000003
0.0000003
0.0000003
0.0000003
0.0000003
0.0000003
0.0000003
0.0094763
0.0000003
0.0207103
0.0075353
0.0109213
0.0000003
0.0000003
0.0134263
0.0000003
0.0000003
0.0000003
0.0000003
0.0000003
0.0000003
0.0098753
0.0000003
0.0000003
0.0000003
0.0000003
0.0094763
0.0000003
0.0080033
0.0000003
0.0000003
0.0000003
0.0000003
0.0000003
0.0109213
0.0075353
0.0000003
0.0000003
0.0516633
0.0000003
0.0134263
0.0000003
0.2548323
0.0134263
0.0098753
0.0111213
0.0000003
0.0000003
0.0078683
0.0000003
0.0000003
0.0000003
0.0000003
0.0134263
0.0000003
0.0000003
0.0000003
0.0382063
0.0000003
0.0370033
0.0000003
0.0000003
0.0000003
0.0180213
0.0000003
0.0000003
0.0000003
0.0000003
0.0000003
0.0000003
0.0075353
0.0070563
0.0000003
0.0075353
0.0098753
0.0466873
0.0000003
0.0070563
0.0000003
0.0000003
0.0152533
0.0000003
0.0000003
0.0000003
0.0000003
0.2165713
0.0744103
0.0000003
0.0000003
0.0134263
0.0000003
0.0000003
0.0000003
0.0000003
0.0000003
0.0000003
0.0000003
0.0078683
0.0000003
0.0000003
0.0000003
0.0000003
0.0000003
0.0238483
0.0000003
0.0000003
0.0000003
0.0000003
0.2219453
0.0000003
0.0000003
0.0000003
0.0000003
0.0173443
0.0000003
0.0000003
0.0000003
0.0000003
0.0000003
0.0116403
0.0000003
0.0000003
0.0000003
0.0000003
0.0000003
0.0000003
0.0000003
0.0000003
0.0000003
0.0000003
0.0000003
0.0134263
0.0000003
0.0000003
0.0075353
0.0075353
0.0000003
0.0000003
0.0000003
0.0000003
0.0000003
0.0781363
0.0000003
0.0000003
0.0000003
0.0000003
0.0000003
0.0000003
0.0000003
0.0000003
0.0000003
0.0075353
0.0000003
0.0000003
0.0000003
0.0000003
0.0000003
0.0000003
0.0000003
0.0000003
0.0000003
0.0000003
0.0000003
0.0000003
0.0570483
0.0000003
0.0000003
0.0000003
0.0000003
0.0000003
0.0070563
0.0000003
0.0410123
0.0000003
0.0000003
0.0415173
0.0109213
0.0000003
0.0000003
0.0000003
0.0000003
0.0000003
0.0000003
0.0000003
0.0000003
0.0080033
0.0250663
0.0000003
0.0070563
0.0178863
0.0000003
0.0000003
0.0000003
0.0000003
0.0134263
0.0000003
0.0000003
0.0000003
0.0000003
0.0000003
0.0109213
0.0000003
0.0000003
0.0085233
0.0000003
0.0000003
0.0000003
0.0000003
0.0000003
0.0000003
0.0134263
0.0262623
0.0000003
0.0000003
0.0000003
0.0134263
0.0134263
0.0000003
0.0134263
0.0000003
0.0075353
0.0000003
0.0000003
0.0000003
0.0000003
0.0000003
0.0000003
0.0000003
0.0000003
0.0000003
