0.2458323
0.1249833
0.2383783
0.1249833
0.2311673
0.1633253
0.2751053
0.2388183
0.1714043
0.1249833
0.1249833
0.1615803
0.1249833
0.2121183
0.2220203
0.1357973
0.2306543
0.1686523
0.1249833
0.1249833
0.3156163
0.1249833
0.1249833
0.1249833
0.2234653
0.1249833
0.2984823
0.2686243
0.2501083
0.2904833
0.2472333
0.1249833
0.2874423
0.3493353
0.3133013
0.1249833
0.1249833
0.1249833
0.1249833
0.1249833
0.3401633
0.1249833
0.1249833
0.1249833
0.2114933
0.1466113
0.1466113
0.1249833
0.3151723
0.3130753
0.1249833
0.1249833
0.1249833
0.5467163
0.2763753
0.3953253
0.3168943
0.2980023
0.1249833
0.3304433
0.1249833
0.1249833
0.1249833
0.1249833
0.1249833
0.1249833
0.1249833
0.1249833
0.1249833
0.1249833
0.1249833
0.1249833
0.1249833
0.1249833
0.1249833
0.1249833
0.1249833
0.1249833
0.1249833
0.3088163
0.1249833
0.1249833
0.1249833
0.1249833
0.1249833
0.1249833
0.1249833
0.1249833
0.1249833
0.1249833
0.1249833
0.1249833
0.1249833
0.1249833
0.1249833
0.1249833
0.1249833
0.1898653
0.1249833
0.1249833
0.1249833
0.1249833
0.1249833
0.1249833
0.2640563
0.1249833
0.1249833
0.2287433
0.2063593
0.2279163
0.2279163
0.1249833
0.3414983
0.4613673
0.1249833
0.3084693
0.2189473
0.1249833
0.1249833
0.1249833
0.1249833
0.2443473
0.1249833
0.3845113
0.2979293
0.2292743
0.1249833
0.1249833
0.8295903
0.2412023
0.1249833
0.1249833
0.2419003
0.1249833
0.1574243
0.2027883
0.1249833
0.2412023
0.1933753
0.1249833
0.2163753
0.1991453
0.1249833
0.1249833
0.1249833
0.2547473
0.1249833
0.1249833
0.1735253
0.3415943
0.1249833
0.1249833
0.2655613
0.1249833
0.1249833
0.2818793
0.1249833
0.1249833
0.1249833
0.1249833
0.1249833
0.1249833
0.1249833
0.1249833
0.1249833
0.1249833
0.1898653
0.1249833
0.1249833
0.1249833
0.1249833
0.1249833
0.1249833
0.1249833
0.3104723
0.1249833
0.3007273
0.1249833
0.3060123
0.2870483
0.3007273
0.3159653
0.2978623
0.2934803
0.2453223
0.2476363
0.1249833
0.2954983
0.1249833
0.2871883
0.1249833
0.1249833
0.1249833
0.1249833
0.1249833
0.1249833
0.1249833
0.1249833
0.1249833
0.1249833
0.1249833
0.1249833
0.1249833
0.1487863
0.2674273
0.2388183
0.1249833
0.1249833
0.1249833
0.2321553
0.1249833
0.1249833
0.2198013
0.1249833
0.1249833
0.2059663
0.1249833
0.1249833
0.1249833
0.1860923
0.2114933
0.1249833
0.1249833
0.1249833
0.1249833
0.1249833
0.1249833
0.1249833
0.1249833
0.1249833
0.1249833
0.1249833
0.1249833
0.1249833
0.1249833
0.1249833
0.1249833
0.1249833
0.3267463
0.1249833
0.1249833
0.1249833
0.1249833
0.1249833
0.1249833
0.1249833
0.1249833
0.1249833
0.1249833
0.1249833
0.1249833
0.1249833
0.1249833
0.1249833
0.1249833
0.1249833
0.1249833
0.1249833
0.2748693
0.3196553
0.1249833
0.2748693
0.1249833
0.2345093
0.1249833
0.1249833
0.1249833
0.1638413
0.1249833
0.1249833
0.1249833
0.1249833
0.1249833
0.1249833
0.1249833
0.1249833
0.1249833
0.1249833
0.1249833
0.1249833
0.1249833
0.1249833
0.1249833
0.2678773
0.1249833
0.1898653
0.1249833
0.1249833
0.1249833
0.1249833
0.1249833
0.1249833
0.2980023
0.1249833
0.1249833
0.1249833
0.1249833
0.1249833
0.1249833
0.1249833
0.1249833
0.1249833
0.1249833
0.1249833
0.1249833
0.1249833
0.1249833
0.1249833
0.1249833
0.2629733
0.3289873
0.2082703
0.1249833
0.2934803
0.1249833
0.1249833
0.1931833
0.2681693
0.1249833
0.1249833
0.1249833
0.1249833
0.1249833
0.1249833
0.1249833
0.1249833
0.1249833
0.1249833
0.1249833
0.1249833
0.1249833
0.1249833
0.1249833
0.1249833
0.1249833
0.1249833
0.1249833
0.1249833
0.1249833
0.1249833
0.1249833
0.1249833
0.1249833
0.1249833
0.1249833
0.1466113
0.1249833
0.1249833
0.1249833
0.1249833
0.2255753
0.2910543
0.1249833
0.3310923
0.2537433
0.3333293
0.1249833
0.1249833
0.1249833
0.1249833
0.1249833
0.2710913
0.1249833
0.3079373
0.3016953
0.2710913
0.1249833
0.1249833
0.1249833
0.1249833
0.2686243
0.1249833
0.1249833
0.1249833
0.1249833
0.1249833
0.1249833
0.1249833
0.2476363
0.2345093
0.3079373
0.1249833
0.1249833
0.1249833
0.1249833
0.1249833
0.1249833
0.1249833
0.1249833
0.1249833
0.1249833
0.1249833
0.2584493
0.1249833
0.2476363
0.3614193
0.1249833
0.1249833
0.1249833
0.1249833
0.1249833
0.1249833
0.1249833
0.1249833
0.1249833
0.1249833
0.1249833
0.1249833
0.1249833
0.1249833
0.1249833
0.1249833
0.1249833
0.1249833
0.1249833
0.1249833
0.1249833
0.1249833
0.1249833
0.1249833
0.2983393
0.1249833
0.1249833
0.1249833
0.1249833
0.1249833
0.1249833
0.1249833
0.1249833
0.1249833
0.1249833
0.1249833
0.1249833
0.1249833
0.1249833
0.1249833
0.1249833
0.1249833
0.1249833
0.1249833
0.1249833
0.1249833
0.1249833
0.1249833
0.1249833
0.1249833
0.1249833
0.1249833
0.1249833
0.1249833
0.1249833
0.1249833
0.1249833
0.1249833
0.1249833
0.1249833
0.1249833
0.1249833
0.1249833
0.1249833
0.1249833
0.1249833
0.1249833
0.1249833
0.1249833
0.1249833
0.1249833
0.1249833
0.1249833
