0.0428513
0.0057333
0.0005993
0.0051723
0.0428513
0.0027383
0.0092773
0.0018033
0.0051723
0.0057703
0.0051723
0.0010183
0.0018033
0.0051723
0.0422273
0.0015263
0.0051723
0.0051723
0.0048703
0.0005083
0.0051723
0.0077953
0.0051723
0.1343783
0.0049523
0.0007493
0.0018033
0.0005993
0.0048493
0.0010183
0.0946083
0.0051723
0.0068673
0.0437343
0.0438703
0.0525223
0.0051723
0.0051723
0.0414733
0.0058913
0.0417273
0.0010863
0.0914333
0.0002563
0.0043073
0.0075733
0.0051723
0.0036863
0.0438703
0.0010863
0.0051723
0.0051723
0.0453703
0.0435713
0.0051723
0.0051723
0.0051723
0.0051723
0.0010983
0.0435913
0.0011283
0.0015983
0.0051723
0.0428513
0.0005083
0.0051723
0.0047743
0.0005993
0.0025953
0.0890703
0.0051723
0.0436433
0.0051723
0.0051723
0.0007203
0.0051723
0.0008743
0.0051723
0.0058913
0.0058913
0.0059633
0.0428513
0.0010183
0.0435303
0.0051723
0.0464253
0.0010703
0.0051723
0.0036863
0.0051723
0.0051723
0.0010183
0.0051723
0.0058913
0.0051723
0.0007203
0.0028893
0.0051723
0.0434503
0.0007243
0.0094043
0.0057393
0.0051723
0.0051723
0.0046683
0.0909273
0.0054303
0.0428513
0.0007203
0.0056633
0.0009653
0.0438703
0.0960993
0.0074413
0.0005083
0.0415773
0.0010863
0.0062703
0.0048313
0.0028413
0.0007203
0.0909273
0.0010183
0.0051723
0.0909273
0.0012873
0.0005993
0.0105133
0.0022763
0.0924953
0.0043293
0.0480233
0.0050643
0.0002563
0.0042803
0.0005083
0.0051723
0.0467213
0.0044513
0.0021693
0.0909273
0.0007343
0.0055953
0.0038903
0.0089093
0.0450283
0.0043313
0.0058203
0.0051723
0.0914693
0.0007613
0.0458873
0.0428513
0.0428513
0.0051723
0.0428513
0.0018033
0.0909273
0.0051723
0.0414733
0.0514663
0.0010183
0.0428513
0.0909273
0.0054303
0.0053253
0.0055373
0.0057703
0.0001663
0.0005993
0.0050643
0.0051723
0.0051723
0.0061903
0.0051723
0.0420153
0.0051723
0.0051723
0.0051723
0.0051723
0.0052803
0.1363403
0.0966663
0.0007613
0.0056383
0.0058913
0.0393423
0.0051723
0.0909273
0.0051723
0.0503873
0.0412543
0.0034683
0.0051723
0.0051723
0.0055553
0.0058913
0.0025233
0.0018033
0.0025953
0.0051723
0.0090573
0.0027863
0.0051723
0.0919693
0.0002563
0.0051723
0.0042173
0.0051723
0.0913113
0.0454933
0.0051723
0.0018033
0.0043293
0.0021693
0.0010943
0.0918013
0.0005083
0.0051723
0.0432173
0.0063973
0.0434213
0.0051723
0.0057393
0.0051723
0.0432173
0.0051723
0.0043073
0.0051723
0.0433843
0.0051723
0.0043313
0.0061903
0.0038323
0.0432253
0.0428513
0.0007923
0.0011023
0.0007203
0.0019823
0.0057703
0.0051723
0.0051723
0.0010183
0.0909273
0.0018033
0.0024023
0.0007203
0.0428513
0.0013843
0.0051723
0.0051723
0.0481023
0.0892573
0.0018033
0.0051723
0.0052303
0.0439373
0.0051723
0.0051723
0.0102363
0.0055133
0.0001663
0.0094043
0.0043073
0.0002563
0.0043083
0.0010853
0.0964653
0.0051723
0.0054273
0.0069283
0.0428513
0.0051723
0.0432173
0.0435713
0.0060293
0.0010863
0.0911853
0.0054633
0.0092813
0.0927303
0.0018033
0.0043293
0.0428513
0.0050643
0.0042323
0.0021693
0.0012873
0.0007203
0.0428513
0.0010183
0.0007203
0.0432253
0.0018033
0.0002563
0.0045183
0.0935963
0.0035383
0.0003833
0.0042323
0.0010863
0.0061323
0.0051723
0.0053413
0.0058913
0.0450283
0.0434193
0.0052693
0.0014113
0.0051723
0.0041883
0.0018033
0.0462783
0.0909273
0.0004743
0.0052693
0.0051723
0.0018033
0.0010813
0.0051723
0.0031383
0.0480233
0.0434503
0.0051723
0.0051723
0.0009363
0.0449403
0.0051723
0.0042803
0.0043083
0.0428513
0.0051723
0.0051723
0.0010183
0.0051723
0.0023113
0.0056633
0.0054303
0.0055553
0.0010183
0.0057703
0.0005043
0.0017383
0.0051723
0.0003663
0.0909273
0.0043073
0.0051723
0.0059633
0.0909273
0.0018033
0.0438323
0.0042323
0.0428513
0.0461683
0.0042323
0.0051723
0.0432173
0.0074483
0.0055723
0.0007203
0.0432173
0.0051723
0.0003663
0.0892573
0.0043293
0.0051723
0.0051723
0.0056803
0.0434193
0.0050643
0.0010183
0.0056803
0.0050643
0.0057843
0.0014113
0.0938123
0.0940003
0.0051723
0.0020193
0.0051723
0.0047593
0.0043313
0.0051723
0.0470753
0.0011073
0.0051723
0.0061113
0.0010183
0.0102363
0.0034663
0.0051723
0.0051723
0.0056803
0.0050643
0.0944283
0.0005083
0.0428513
0.0051723
0.0051723
0.0428513
0.0051723
0.0450283
0.0002563
0.0034883
0.0419473
0.0428513
0.0043083
0.0061333
0.0051723
0.0428513
0.0434193
0.0909273
0.0051723
0.0909273
0.0010183
0.0051723
0.0018033
0.0108033
0.1337793
0.0051723
0.0056803
0.0095703
0.0023063
0.0453743
0.0061113
0.0005523
0.0085813
0.0018033
0.0051723
0.0051723
0.0051723
0.0010183
0.0051723
0.0102363
0.0001603
0.0051723
0.0051723
0.0028753
0.0051493
0.0005083
0.0005673
0.0428513
0.0912933
0.0029763
0.0051723
0.0051723
0.0428513
0.0910593
0.0048313
0.0428513
0.0051723
0.0051723
0.0010183
0.0879993
0.0043023
0.0005083
0.0043293
0.0007203
0.0051723
0.0020533
0.0015893
0.0051723
0.0440843
0.1343783
0.0042323
0.0010183
0.0003373
0.0043713
0.0933993
0.0043293
0.0051723
0.0055373
0.0005083
0.0432253
0.0005423
0.0051723
0.0051723
0.0433463
0.0057703
0.0063563
0.0051723
0.0406363
0.0054073
0.0051723
0.0010623
0.0007203
0.0055373
0.0914363
0.0050643
0.0051723
0.0051723
0.0960993
0.0051723
0.0042323
0.0057133
0.0457123
0.0467483
0.0951603
0.0022703
0.0910593
0.0050643
0.0892893
0.0051723
0.0051723
0.0026033
0.0437863
0.0428513
0.0090623
0.0909273
0.0448853
0.0048503
0.0398763
0.0068023
0.0018033
0.0043083
0.0018033
0.0036863
0.0051723
0.0005673
0.1302833
0.0051723
0.0005993
0.0890703
0.0025233
0.0051723
0.0005993
0.0520853
0.0010983
0.0010183
0.0051723
0.0401293
0.0007613
0.1337793
0.0055373
0.0467433
0.0061903
0.0010183
0.0042803
0.0055373
0.0448853
0.0018033
0.0007613
0.0440263
0.0005993
0.0051723
0.0051723
0.0018033
0.0009653
0.0051723
0.0006153
0.0051723
0.0021453
0.0960993
0.0051723
0.0051723
0.0051723
0.0024023
0.0415773
0.0450203
0.0428513
0.0005993
0.0050643
0.0420683
0.0051723
0.0002563
0.0902023
0.0007893
0.0057873
0.0909273
0.0010983
0.0892573
0.0434193
0.0005083
0.0002563
0.0005423
0.0065053
0.0051723
0.0428513
0.0069743
0.0005993
0.0428513
0.0015263
0.0018033
0.0014013
0.0051723
0.0046443
0.0007203
0.0073753
0.0051723
0.0019833
0.0010763
0.0051723
0.0078243
0.0051723
0.0050643
0.0093993
0.0059383
0.0402323
0.0043073
0.0005673
0.0055373
0.0051723
0.0042323
0.0937743
0.0042803
0.0018033
0.0055373
0.0062573
0.0001663
0.0051723
0.0893083
0.0023373
0.0428513
0.0055373
0.0415773
0.0944603
0.0055133
0.0440843
0.0056973
0.0025483
0.0007203
0.0051723
0.0068673
0.0428513
0.0918533
0.0428513
0.0428513
0.0002563
0.0018033
0.0917293
0.0051723
0.0024023
0.0061903
0.0070773
0.0043293
0.0053493
0.0016333
0.0909273
0.0005043
0.0007973
0.0021693
0.0979023
0.0904523
0.0051723
0.0005083
0.0428513
0.0892893
0.0068713
0.0043073
0.0051723
0.0018033
0.0432173
0.0511663
0.0025233
0.0051723
0.0005043
0.0018033
0.0051723
0.0005043
0.0051723
0.0014063
0.0057703
0.0051723
0.0432253
0.0492173
0.0452253
0.0051723
0.0071903
0.0420563
0.0909273
0.0428513
0.0003663
0.0051723
0.0412543
0.0056803
0.0952583
0.0428513
0.0058913
0.0432173
0.0051723
0.0014113
0.0922843
0.0010183
0.0051723
0.0051723
0.0002563
0.0483973
0.0090623
0.0069743
0.0018033
0.0018033
0.0059633
0.0025233
0.0432253
0.0043313
0.0441853
0.0018033
0.0015623
0.0010183
0.0034663
0.0022763
0.0909273
0.0007923
0.0418393
0.0102363
0.0051723
0.0021393
0.0010183
0.0034443
0.0909273
0.0010183
0.0018033
0.0042323
0.0480233
0.0051723
0.0414733
0.0007203
0.1340103
0.0051723
0.0047883
0.0043083
0.0015863
0.0051723
0.0425583
0.0061903
0.0025233
0.0008303
0.0008023
0.0051723
0.0428513
0.0061403
0.0051723
0.0050643
0.0909273
0.0051723
0.0051723
0.0045053
0.0051723
0.0051723
0.0076943
0.0026583
0.0936043
0.0060293
0.0051723
0.0010183
0.0051723
0.0927303
0.0909273
0.0051723
0.0012283
0.0909273
0.0051723
0.0927303
0.0904123
0.0012283
0.0102363
0.0051723
0.0041943
0.0042323
0.0418353
0.0050643
0.0414553
0.0043083
0.0051723
0.0034663
0.0018033
0.0509273
0.0073403
0.0002563
0.0455533
0.0051723
0.0428513
0.0051723
0.0013843
0.0051723
0.0005423
0.0051723
0.0007203
0.0010183
0.0018853
0.0051723
0.0051723
0.0057093
0.0005083
0.0010983
0.0051723
0.0051723
0.0023263
0.0018033
0.0005083
0.0056803
0.0899563
0.0051723
0.0051723
0.0909273
0.0050643
0.0010983
0.0044953
0.0489573
0.0022763
0.0007203
0.0051723
0.0051723
0.0065563
0.0018033
0.0428513
0.0010183
0.0051723
0.0008023
0.0435713
0.0003663
0.0010183
0.0018033
0.0449403
0.0051723
0.0018033
0.0052233
0.0051723
0.0049523
0.0529763
0.0951603
0.0042323
0.0051723
0.0428513
0.0060353
0.0051723
0.0000003
0.0000003
0.0000003
0.0000003
0.0000003
0.0000003
0.0000003
1.0000003
1.0000003
1.0000003
1.0000003
1.0000003
1.0000003
1.0000003
1.0000003
1.0000003
1.0000003
1.0000003
1.0000003
1.0000003
1.0000003
1.0000003
1.0000003
1.0000003
1.0000003
1.0000003
1.0000003
1.0000003
0.0000003
1.0000003
1.0000003
1.0000003
1.0000003
1.0000003
1.0000003
1.0000003
1.0000003
1.0000003
1.0000003
1.0000003
1.0000003
1.0000003
1.0000003
1.0000003
1.0000003
1.0000003
1.0000003
1.0000003
1.0000003
1.0000003
1.0000003
1.0000003
1.0000003
1.0000003
0.0000003
1.0000003
0.0000003
1.0000003
1.0000003
1.0000003
1.0000003
1.0000003
1.0000003
1.0000003
1.0000003
1.0000003
1.0000003
1.0000003
1.0000003
1.0000003
1.0000003
1.0000003
1.0000003
1.0000003
1.0000003
1.0000003
1.0000003
1.0000003
1.0000003
1.0000003
1.0000003
1.0000003
1.0000003
1.0000003
0.0000003
1.0000003
1.0000003
1.0000003
1.0000003
1.0000003
1.0000003
1.0000003
1.0000003
1.0000003
1.0000003
1.0000003
1.0000003
1.0000003
1.0000003
1.0000003
1.0000003
1.0000003
1.0000003
1.0000003
1.0000003
1.0000003
1.0000003
1.0000003
1.0000003
1.0000003
1.0000003
1.0000003
1.0000003
1.0000003
1.0000003
1.0000003
1.0000003
1.0000003
1.0000003
1.0000003
1.0000003
0.0000003
1.0000003
1.0000003
1.0000003
1.0000003
1.0000003
1.0000003
1.0000003
1.0000003
1.0000003
1.0000003
0.0000003
1.0000003
1.0000003
1.0000003
1.0000003
1.0000003
1.0000003
1.0000003
1.0000003
1.0000003
1.0000003
1.0000003
0.0000003
1.0000003
1.0000003
1.0000003
1.0000003
1.0000003
1.0000003
1.0000003
1.0000003
1.0000003
1.0000003
1.0000003
1.0000003
1.0000003
1.0000003
1.0000003
1.0000003
1.0000003
1.0000003
1.0000003
1.0000003
1.0000003
1.0000003
1.0000003
1.0000003
0.0000003
