0.0000003
0.0000003
0.1540133
0.0000003
0.0000003
0.0000003
0.0000003
0.0000003
0.0000003
0.0000003
0.0000003
0.0000003
0.0000003
0.0000003
0.0000003
0.0000003
0.0000003
0.0000003
0.0000003
0.0000003
0.0000003
0.0000003
0.0000003
0.0000003
0.0000003
0.0693863
0.0000003
0.0000003
0.0000003
0.0000003
0.0000003
0.0000003
0.0000003
0.0000003
0.0000003
0.0000003
0.0000003
0.0000003
0.0000003
0.0000003
0.0000003
0.0000003
0.0000003
0.0000003
0.0000003
0.0000003
0.0000003
0.0300343
0.0000003
0.0000003
0.0000003
0.0000003
0.0000003
0.0000003
0.0000003
0.0000003
0.0000003
0.0000003
0.0000003
0.0000003
0.0000003
0.0000003
0.0000003
0.0000003
0.0000003
0.0000003
0.0000003
0.0000003
0.0000003
0.0000003
0.0001813
0.0000003
0.0000003
0.0000003
0.0000003
0.0000003
0.0000003
0.0000003
0.0000003
0.0000003
0.0000003
0.0000003
0.0000003
0.0000003
0.0000003
0.0000003
0.0000003
0.0000003
0.0000003
0.0000003
0.0000003
0.0000003
0.0000003
0.0000003
0.0000003
0.0000003
0.0000003
0.0000003
0.0000003
0.0000003
0.0000003
0.0000003
0.0000003
0.0000003
0.0000003
0.0000003
0.0000003
0.0000003
0.0000003
0.0000003
0.1489903
0.0000003
0.0000003
0.0000003
0.0000003
0.0000003
0.0000003
0.0000003
0.0000003
0.0000003
0.0000003
0.0000003
0.0000003
0.0000003
0.0000003
0.0000003
0.0000003
0.0000003
0.0000003
0.0000003
0.0000003
0.0000003
0.0000003
0.0000003
0.0000003
0.0000003
0.0000003
0.0000003
0.0000003
0.0000003
0.0000003
0.0000003
0.0000003
0.0000003
0.0000003
0.0000003
0.0029113
0.0000003
0.0000003
0.0000003
0.0000003
0.0000003
0.0000003
0.0000003
0.0000003
0.0000003
0.0000003
0.0000003
0.0000003
0.0000003
0.0000003
0.0000003
0.0000003
0.0000003
0.0000003
0.0000003
0.0000003
0.0000003
0.0045793
0.0000003
0.0000003
0.0000003
0.0000003
0.0000003
0.0000003
0.0000003
0.0000003
0.0000003
0.0000003
0.0000003
0.0000003
0.0000003
0.0000003
0.0000003
0.0000003
0.0000003
0.0000003
0.0000003
0.0000003
0.0000003
0.0000003
0.0000003
0.0000003
0.0000003
0.0000003
0.0000003
0.0076273
0.0000003
0.0000003
0.0000003
0.0000003
0.0000003
0.0000003
0.0000003
0.0000003
0.0000003
0.0000003
0.0000003
0.0000003
0.0000003
0.0000003
0.0000003
0.0000003
0.0000003
0.0000003
0.0000003
0.0000003
0.0000003
0.0000003
0.0000003
0.0000003
0.0000833
0.0000003
0.0000003
0.0000003
0.0000003
0.0000003
0.0000003
0.0000003
0.0000003
0.0000003
0.0000003
0.0000003
0.0000003
0.0000003
0.0000003
0.0000003
0.0832253
0.0000003
0.0000003
0.0000003
0.0000003
0.0000003
0.0000003
0.0000003
0.0000003
0.0409443
0.0000003
0.0000003
0.0000003
0.0000003
0.0000003
0.0000003
0.0000003
0.0000003
0.0000003
0.0000003
0.0000003
0.0000003
0.0000003
0.0000003
0.0000003
0.0000003
0.0000003
0.0000003
0.0001813
0.0000003
0.0000003
0.0000003
0.0000003
0.0000003
0.0000003
0.0000003
0.0000003
0.0000003
0.0000003
0.0000003
0.0000003
0.0000003
0.0000003
0.0000003
0.0000003
0.0000003
0.0000003
0.0000003
0.0000003
0.0000003
0.0000003
0.0000003
0.0000003
0.0000003
0.0000003
0.0000003
0.0000003
0.0000003
0.0000003
0.0000003
0.0000003
0.0000003
0.0000003
0.0000003
0.0000003
0.0000003
0.0000003
0.0000003
0.0000003
0.2259143
0.0000003
0.0000003
0.0000003
0.0000003
0.0000003
0.0000003
0.0000003
0.0000003
0.0000003
0.0000003
0.0000003
0.0000003
0.0000003
0.0000003
0.0000003
0.0000003
0.0000003
0.0000003
0.0000003
0.0000003
0.0000003
0.0000003
0.0000003
0.0000003
0.0000003
0.0000003
0.0000003
0.0000003
0.0000003
0.0000003
0.0001883
0.0000003
0.0000003
0.0000003
0.0000003
0.0000003
0.0000003
0.0000003
0.0000003
0.0000003
0.0000003
0.0000003
0.0000003
0.0000003
0.0000003
0.0000003
0.0000003
0.0000003
0.0000003
0.0000003
0.0000003
0.0000003
0.0000003
0.0000003
0.0000003
0.0000003
0.0000003
0.0000003
0.0000003
0.0000003
0.0000003
0.0000003
0.0000003
0.0000003
0.0000003
0.0000003
0.0000003
0.0000003
0.0000003
0.0000003
0.0000003
0.0000003
0.0000003
0.0000003
0.0000003
0.0000003
0.0000003
0.0000003
0.0000003
0.0000003
0.0000003
0.0000003
0.0000003
0.0000003
0.0000003
0.0000003
0.0000003
0.0173373
0.0000003
0.0000003
0.0000003
0.0000003
0.0000003
0.0000003
0.0605833
0.0000003
0.0000003
0.0000003
0.0000003
0.0000003
0.0000003
0.0000003
0.0000003
0.0000003
0.0000003
0.0000003
0.0000003
0.0000003
0.0000003
0.0000003
0.0000003
0.0000003
0.0000003
0.0000003
0.0000003
0.0026883
0.0000003
0.0000003
0.0000003
0.0000003
0.0000003
0.0000003
0.0000003
0.0000003
0.0064803
0.0000003
0.0000003
0.0000003
0.0000003
0.0000003
0.0000003
0.0000003
0.0000003
0.0000003
0.0000003
0.2442183
0.0001663
0.0000003
0.0000003
0.0000003
0.0000003
0.0000003
0.0000003
0.1531953
0.0000003
0.0000003
0.0000003
0.0000003
0.0000003
0.0000003
0.0000003
0.0000003
0.0000003
0.0000003
0.0000003
0.0000003
0.0000003
0.0000003
0.0000003
0.0000003
0.0000003
0.0000003
0.2831293
0.0000003
0.0000003
0.0000003
0.0000003
0.0000003
0.0000003
0.0000003
0.0000003
0.0000003
0.2960883
0.0000003
0.0000003
0.0000003
0.0000003
0.0000003
0.0000003
0.1529693
0.1493313
0.0000003
0.0000003
0.0000003
0.0000003
0.0000003
0.0000003
0.0000003
0.0000003
0.0000003
0.0000003
0.0000003
0.0000003
0.0000003
0.0000003
0.0000003
0.0000003
0.0000003
0.0648423
0.0000003
0.0000003
0.0000003
0.0000003
0.0000003
0.0000003
0.0000003
0.0000003
0.0000003
0.0000003
0.0000003
0.0000003
0.0000003
0.0000003
0.0000003
0.0000003
0.1579703
0.0000003
0.0000003
0.0000003
0.0000003
0.0000003
0.0000003
0.0000003
0.0000003
0.0000003
0.0000003
0.0000003
0.0000003
0.0000003
0.0000003
0.0000003
0.0000003
0.0000003
0.0000003
0.0000003
0.0000003
0.0000003
0.0000003
0.0000003
0.0000003
0.0000003
0.0000003
0.0000003
0.0000003
0.0000003
0.0000003
0.0000003
0.0000003
0.0000003
0.0000003
0.0000003
0.0000003
0.0000003
0.0000003
0.0000003
0.0000003
0.0000003
0.0000003
0.0000003
0.0000003
0.0000003
0.0000003
0.0703763
0.0000003
0.0000003
0.0000003
0.0000003
0.0000003
0.0000003
0.0000003
0.0031973
0.0000003
0.0000003
0.0000003
0.0000003
0.0000003
0.0000003
0.0000003
0.0000003
0.0000003
0.0000003
0.0000003
0.0000003
0.0000003
0.0000003
0.0000003
0.0000003
0.0381733
0.0000003
0.0000003
0.0456463
0.0000003
0.0000003
0.0000003
0.0000003
0.0000003
0.0000003
0.0000003
0.0000003
0.0000003
0.0000003
0.0000003
0.0281983
0.0000003
0.0000003
0.0000003
0.0000003
0.0000003
0.0000003
0.0000003
0.0000003
0.0000003
0.0000003
0.0000003
0.0000003
0.0000003
0.0000003
0.0000003
0.0000003
0.0000003
0.0965153
0.2903863
0.0000003
0.0000003
0.0000003
0.0000003
0.3291393
0.0000003
0.0000003
0.0000003
0.0000003
0.0000003
0.0000003
0.0000003
0.0000003
0.0000003
0.0000003
0.0000003
0.0000003
0.0315423
0.0000003
0.0000003
0.0000003
0.0000003
0.0000003
0.0000003
0.0000003
0.0000003
0.0000003
0.0000003
0.0000003
0.0000003
0.0000003
0.0000003
0.0000003
0.0000003
0.0000003
0.0000003
0.0000003
0.0000003
0.0000003
0.0000003
0.0000003
0.0000003
0.0000003
0.0000003
0.0000003
0.0000003
0.0000003
0.0000003
0.0000003
0.0000003
0.0000003
0.0000003
0.0000003
0.0000003
0.0000003
0.0000003
0.0000003
0.0000003
0.0000003
0.0000003
0.0000003
0.0000003
0.0000003
0.0000003
0.0000003
0.0000003
0.0000003
0.0000003
0.0000003
0.0000003
0.0000003
0.0000003
0.0000003
0.0000003
0.0000003
0.0271173
0.0000003
0.0000003
0.0000003
0.0000003
0.0000003
0.0000003
0.0000003
0.0000003
0.0000003
0.0000003
0.0000003
0.0000003
0.0000003
0.0000003
0.0000003
0.0000003
0.0000003
0.2382313
0.0000003
0.0000003
0.0000003
0.0000003
0.0000003
0.0382703
0.0000003
0.0000003
0.0000003
0.0000003
0.0000003
0.0000003
0.0000003
0.0000003
0.0280943
0.0000003
0.0000003
0.0000003
0.0000003
0.0000003
0.0000003
0.0000003
0.0000003
0.0000003
0.0000003
0.0000003
0.0000003
0.0000003
0.0000003
0.0000003
0.0000003
0.0000003
0.0000003
0.0000003
0.0000003
0.0000003
0.0000003
0.0000003
0.0000003
0.0000003
0.0679403
0.0000003
0.0000003
0.0000003
0.0000003
0.0000003
0.0000003
0.0000003
0.0000003
0.0000003
0.0000003
0.0000003
0.0000003
0.0000003
0.0294853
0.0000003
0.0000003
0.0000003
0.0000003
0.0000003
0.0000003
0.0000003
0.0000003
0.0000003
0.0000003
0.0000003
0.0000003
0.0000003
0.0000003
0.0000003
0.0000003
0.0000003
0.0000003
0.0000003
0.0000003
0.0000003
0.0000003
0.0000003
0.0000003
0.0010743
0.0000003
0.0000003
0.0000003
0.0000003
0.0000003
0.0000003
0.0000003
0.0000003
0.0000003
0.0000003
0.0000003
0.0000003
0.0000003
0.0000003
0.0000003
0.0000003
0.0000003
0.0000003
0.0000003
0.0000003
0.0000003
0.0000003
0.0010743
0.0000003
0.0000003
0.0000003
0.0000003
0.0000003
0.0000003
0.0000003
0.0000003
0.0000003
1.0000003
1.0000003
1.0000003
1.0000003
1.0000003
1.0000003
1.0000003
1.0000003
1.0000003
1.0000003
1.0000003
1.0000003
1.0000003
1.0000003
1.0000003
1.0000003
1.0000003
1.0000003
1.0000003
1.0000003
1.0000003
0.0694373
1.0000003
1.0000003
1.0000003
1.0000003
1.0000003
1.0000003
1.0000003
1.0000003
1.0000003
1.0000003
1.0000003
1.0000003
1.0000003
1.0000003
1.0000003
1.0000003
1.0000003
1.0000003
1.0000003
1.0000003
1.0000003
1.0000003
1.0000003
1.0000003
1.0000003
0.0256213
1.0000003
0.7164183
1.0000003
1.0000003
1.0000003
1.0000003
1.0000003
1.0000003
1.0000003
1.0000003
1.0000003
1.0000003
1.0000003
1.0000003
1.0000003
1.0000003
1.0000003
1.0000003
1.0000003
1.0000003
1.0000003
1.0000003
1.0000003
1.0000003
1.0000003
1.0000003
1.0000003
1.0000003
1.0000003
0.0491883
1.0000003
1.0000003
1.0000003
1.0000003
1.0000003
1.0000003
1.0000003
1.0000003
1.0000003
1.0000003
1.0000003
1.0000003
1.0000003
1.0000003
1.0000003
1.0000003
1.0000003
1.0000003
1.0000003
1.0000003
1.0000003
1.0000003
1.0000003
1.0000003
1.0000003
1.0000003
1.0000003
1.0000003
1.0000003
1.0000003
1.0000003
1.0000003
1.0000003
1.0000003
1.0000003
1.0000003
7.7224373
1.0000003
1.0000003
1.0000003
1.0000003
1.0000003
1.0000003
1.0000003
1.0000003
1.0000003
1.0000003
0.6623143
1.0000003
1.0000003
1.0000003
1.0000003
1.0000003
1.0000003
1.0000003
1.0000003
1.0000003
1.0000003
1.0000003
6.6023793
1.0000003
1.0000003
1.0000003
1.0000003
1.0000003
1.0000003
1.0000003
1.0000003
1.0000003
1.0000003
1.0000003
1.0000003
1.0000003
1.0000003
1.0000003
1.0000003
1.0000003
1.0000003
1.0000003
1.0000003
1.0000003
1.0000003
1.0000003
1.0000003
7.4755363
