47.3020043
60.6054433
39.2348783
41.5462933
47.5905343
31.8056053
57.5584083
39.9784553
43.5427483
48.4440303
45.4665973
42.1465433
50.7817643
37.8971633
58.6521183
57.7894013
50.7817643
47.3020043
60.1133853
39.4866003
48.9741943
62.4278493
47.3020043
50.7817643
59.9834333
41.5044763
31.8056053
45.7162993
50.7817643
58.9546133
50.7817643
42.0489803
51.1311833
47.5078393
45.7162993
50.7817643
51.9515283
42.2864673
64.6869953
31.8056053
48.1405373
47.3020043
39.4866003
50.7817643
50.7817643
55.4050113
56.8733213
37.8971633
50.7817643
58.1421903
53.8891493
53.8891493
50.7817643
70.7996283
53.5351933
47.3020043
31.8056053
31.8056053
50.6121183
50.7817643
45.7162993
39.9784553
55.0625473
42.0489803
63.5060003
50.7817643
58.9509963
52.7863063
57.5453783
63.8741523
50.7817643
50.7817643
44.5481693
61.1227013
51.3092543
45.7108363
61.0410743
44.4486053
34.5771093
56.8733213
50.7817643
47.3815533
72.8653083
50.7817643
57.5453783
45.7108363
50.7817643
50.7817643
59.2705263
57.6429423
50.7817643
50.7817643
50.7817643
50.7817643
48.0180143
42.1465433
47.3020043
31.8056053
50.2590423
47.7287123
47.7255663
31.8056053
34.7216753
50.7817643
47.3020043
37.8971633
50.7817643
47.9521753
39.9784553
55.4151703
43.3479843
50.7817643
57.0008753
50.7817643
50.7817643
42.1465433
50.7817643
41.4614563
50.7817643
61.1227013
61.1227013
60.4806353
47.3020043
42.0489803
65.2199483
50.7817643
63.3620933
44.6738073
50.7817643
42.2864673
50.7817643
50.7817643
42.0489803
50.7817643
61.1227013
50.7817643
42.1465433
59.6215303
50.7817643
55.4748543
41.9533113
59.2473393
58.2110373
50.7817643
50.7817643
51.5400313
47.1303803
48.6045953
47.3020043
42.1465433
53.2131523
57.5453783
66.1065383
62.7121663
37.8971633
43.0482023
45.7108363
66.9941733
48.4440303
61.2010533
42.1465433
47.1303803
42.0489803
50.7817643
47.1303803
49.5758163
39.9784553
66.3256223
52.6396193
53.2626263
47.8235643
66.2781633
45.0403023
44.4486053
47.2174713
37.8971633
50.7817643
57.5480933
49.3498873
49.2805933
47.1303803
42.0063813
45.0696183
36.9511263
53.0141503
60.6054433
59.1657053
50.7817643
54.8113743
38.4601613
56.0211893
61.1227013
47.3020043
47.3020043
50.7817643
47.3020043
45.7162993
47.1303803
50.7817643
44.5481693
71.7626853
61.2550353
42.0489803
47.3020043
47.1303803
48.6045953
57.6249273
54.3460573
58.9546133
39.9784553
45.0403023
50.7817643
50.7817643
61.0251383
50.7817643
50.0532563
50.7817643
50.7817643
50.7817643
50.7817643
49.0964503
67.3348023
73.5358113
38.4601613
49.8001613
61.1227013
43.6761743
50.7817643
47.1303803
50.7817643
56.3342043
44.3859343
44.5343363
50.7817643
50.7817643
54.8984653
56.0572373
45.7162993
55.4151703
50.7817643
58.1835533
42.1712163
50.7817643
59.7871373
44.4486053
50.7817643
42.3157833
50.7817643
51.2470813
41.1155983
50.7817643
45.7162993
47.8235643
49.2805933
46.2116443
56.7862303
37.8971633
50.7817643
50.8662983
55.5135733
55.9531543
50.7817643
58.2110373
50.7817643
50.8662983
50.7817643
47.3815533
50.7817643
53.6378013
50.7817643
47.7255663
61.0251383
45.6885253
46.6947493
47.3020043
41.5044763
42.1465433
43.6054743
47.3020043
31.8056053
58.9546133
50.7817643
50.7817643
42.0489803
47.1303803
45.7162993
42.1465433
47.3020043
45.6132733
50.7817643
50.7817643
66.0109543
43.3728283
45.7162993
50.7817643
47.8118053
61.2072353
50.7817643
50.7817643
64.0164613
54.1018183
34.5771093
59.2473393
47.3815533
44.4486053
47.5905343
47.7530023
69.6708323
50.7817643
63.4247643
55.5428903
47.3020043
50.7817643
50.8662983
57.6429423
56.7774453
45.7108363
50.7191983
51.1657133
66.9738463
61.0410743
45.7162993
47.8235643
47.3020043
45.0403023
40.2711813
49.2805933
49.5758163
42.1465433
47.3020043
42.0489803
42.1465433
46.6947493
45.7162993
44.4486053
52.0318873
59.3862733
55.5312113
35.9223073
40.2711813
45.7108363
61.7342583
50.7817643
47.3494643
61.1227013
54.7312773
54.7736143
42.9447963
50.7817643
54.8752743
45.7162993
49.3132913
47.1303803
38.7289253
58.2360493
50.7817643
45.7162993
48.0401863
50.7817643
67.7033223
66.2781633
55.4748543
50.7817643
50.7817643
45.4810443
54.8667963
50.7817643
47.2174713
47.5905343
47.3020043
50.7817643
50.7817643
42.0489803
50.7817643
51.8078573
53.2131523
48.6045953
54.8984653
42.0489803
58.9546133
49.1089733
52.3899173
50.7817643
35.3698993
47.1303803
47.3815533
50.7817643
60.4806353
47.1303803
45.7162993
46.6809923
40.2711813
47.3020043
64.1304203
40.2711813
50.7817643
50.8662983
71.6157783
51.1318593
42.1465433
50.8662983
50.7817643
35.3698993
43.3728283
47.8235643
50.7817643
50.7817643
56.8733213
54.7312773
45.0403023
42.0489803
56.8733213
45.0403023
55.3812393
42.9447963
65.8194903
67.4407943
50.7817643
49.0508013
50.7817643
47.8208703
47.7255663
50.7817643
63.3311993
46.0700123
50.7817643
61.5012283
42.0489803
64.0164613
44.6323343
50.7817643
50.7817643
45.0403023
62.3489863
37.8971633
47.3020043
50.7817643
50.7817643
50.7817643
60.6054433
44.4486053
44.7673663
51.4714893
47.3020043
47.5905343
58.1737253
50.7817643
47.3020043
54.7312773
47.1303803
50.7817643
47.1303803
42.0489803
50.7817643
45.7162993
71.4457333
62.6267793
50.7817643
62.0188423
63.0196673
71.5536363
61.5012283
42.0859903
57.6492733
45.7162993
50.7817643
50.7817643
42.0489803
50.7817643
64.0164613
39.1048473
50.7817643
50.7817643
60.8124693
47.5417663
37.8971633
50.6946733
37.4755103
50.7817643
50.7817643
47.3020043
57.2835223
47.3020043
50.7817643
50.7817643
42.0489803
47.4572033
47.9757383
37.8971633
47.8235643
42.1465433
50.7817643
52.6198143
54.9218773
50.7817643
42.1104953
70.7996283
40.2711813
42.0489803
38.0298423
59.3659423
47.8235643
50.7817643
54.3460573
37.8971633
46.6947493
39.4866003
50.7817643
50.7817643
58.9546133
63.7966413
50.7817643
48.2866553
57.4363203
50.7817643
54.3460573
53.2219373
45.0403023
50.7817643
50.7817643
66.1065383
50.7817643
40.2711813
58.4627583
41.5779393
62.0243613
55.5959553
58.7257133
57.2835223
45.0403023
43.8103263
50.7817643
41.1341253
52.4954063
47.3020043
55.9272853
47.1303803
64.9950943
55.2715283
41.6320993
65.6246143
45.7162993
47.5905343
45.7162993
42.2864673
50.7817643
39.2348783
55.5243293
39.9784553
43.3479843
56.0572373
50.7817643
39.9784553
54.1321923
48.0180143
42.0489803
50.7817643
41.2078633
38.4601613
62.6267793
54.3460573
68.7774903
61.0251383
42.0489803
47.2174713
54.3460573
64.9950943
45.7162993
38.4601613
55.9302203
39.9784553
50.7817643
50.7817643
45.7162993
43.5427483
50.7817643
43.4516903
50.7817643
49.0363543
66.1065383
50.7817643
50.7817643
50.7817643
53.8891493
43.0482023
64.7769923
47.3020043
39.9784553
45.0403023
50.7383433
50.7817643
44.4486053
60.3943933
38.9588223
47.1303803
48.0180143
43.3728283
54.7312773
37.8971633
44.4486053
39.4866003
50.7817643
47.3020043
64.6924583
39.9784553
47.3020043
48.1405373
45.7162993
46.8873283
50.7817643
51.2957933
42.1465433
65.0425533
50.7817643
47.5327393
45.3264363
50.7817643
50.7817643
45.0403023
54.6961533
39.7078973
47.3815533
39.2348783
54.3460573
50.7817643
40.2711813
64.0722203
47.2174713
45.7162993
54.3460573
34.5771093
50.7817643
56.9510493
44.5956283
47.3020043
54.3460573
43.0482023
62.7864843
54.1018183
42.1104953
60.0478833
41.2202153
42.1465433
50.7817643
58.9509963
47.3020043
53.3935303
44.4486053
45.7162993
54.0392523
50.7817643
61.0251383
69.1457163
47.8235643
57.9689403
53.6950643
47.1303803
49.1089733
52.1296003
49.2805933
80.0172323
66.2937323
50.7817643
47.3020043
43.8103263
64.8193283
47.3815533
50.7817643
45.7162993
50.8662983
56.5274633
56.0572373
50.7817643
49.1089733
45.7162993
50.7817643
49.1089733
50.7817643
41.3345863
58.9546133
50.7817643
46.6947493
51.8213143
47.5341113
50.7817643
68.7486063
51.2948073
47.1303803
47.3020043
35.3698993
50.7817643
44.3859343
56.8733213
63.0503403
47.3020043
61.1227013
50.8662983
50.7817643
42.9447963
71.3738613
42.0489803
50.7817643
50.7817643
44.4486053
65.6709073
55.9272853
64.6924583
45.7162993
45.7162993
60.4806353
56.0572373
46.6947493
47.7255663
57.7752763
45.7162993
48.2732163
42.0489803
42.1242323
52.6396193
47.1303803
48.1124623
64.0164613
50.7817643
51.9405363
42.0489803
44.1903233
47.1303803
42.0489803
45.7162993
40.2711813
66.2781633
50.7817643
44.5481693
42.1465433
66.4091743
50.7817643
53.3090283
49.4782523
50.7817643
56.0630803
61.0251383
56.0572373
38.7144783
50.7817643
47.3020043
58.5611323
50.7817643
45.0403023
47.1303803
50.7817643
48.2451063
50.7817643
50.7817643
75.0333953
51.6152513
70.6969253
56.7774453
50.7817643
42.0489803
50.7817643
61.0410743
47.1303803
50.7817643
48.2381003
47.1303803
50.7817643
61.0410743
59.1117613
48.2381003
64.0164613
50.7817643
48.3780243
40.2711813
52.0063763
45.0403023
47.5905343
50.7817643
42.1242323
45.7162993
62.8632603
68.2567513
44.4486053
50.1006093
50.7817643
47.3020043
50.7817643
45.6132733
50.7817643
50.7817643
42.1465433
42.0489803
49.8681163
50.7817643
50.7817643
65.4886163
37.8971633
48.0180143
50.7817643
50.7817643
46.5698963
45.7162993
37.8971633
56.8733213
57.0743383
50.7817643
50.7817643
47.1303803
45.0403023
48.0180143
50.5950673
77.3828313
52.6396193
50.7817643
50.7817643
64.5894313
45.7162993
47.3020043
42.0489803
50.7817643
38.7144783
57.6429423
35.3698993
42.0489803
45.7162993
54.8667963
50.7817643
45.7162993
58.3379073
50.7817643
50.6121183
53.3635693
55.5959553
40.2711813
50.7817643
54.1818753
50.7817643
