0.0000003
0.0081583
0.0000003
0.0012873
0.0000003
0.0103543
0.0038913
0.0090533
0.0196463
0.0050673
0.0033933
0.0040413
0.0000003
0.0000003
0.0000003
0.0002833
0.0115353
0.0000253
0.0000003
0.0000003
0.0006343
0.0017653
0.0000003
0.0000253
0.0238803
0.0003033
0.0003713
0.0038193
0.0000253
0.0000253
0.0000003
0.0034353
0.0000003
0.0032743
0.0002833
0.0028413
0.0040413
0.0000003
0.0000003
0.0042753
0.0143073
0.0002973
0.0437973
0.0045213
0.0000003
0.0033383
0.0051413
0.0031403
0.0002833
0.0050673
0.0000003
0.0041403
0.0000533
0.0003023
0.0048123
0.0010843
0.0047343
0.0004013
0.0050673
0.0003033
0.0000003
0.2727883
0.0042753
0.0000003
0.0002833
0.0010843
0.0000003
0.0279663
0.0156733
0.0000003
0.0000003
0.0000003
0.0025263
0.0108693
0.0000063
0.0000003
0.0000003
0.2714633
0.0205253
0.0066683
0.0182823
0.0002833
0.0000003
0.0000003
0.0038173
0.0079063
0.0000053
0.0065203
0.0003683
0.0000003
0.0104143
0.0032743
0.0003033
0.0003123
0.0316443
0.0003713
0.0017733
0.0000773
0.0071293
0.0000063
0.0094363
0.0034233
0.0000003
0.0033773
0.0003403
0.0066663
0.0000003
0.0003113
0.0049833
0.0039713
0.0000003
0.0010843
0.0000003
0.0005223
0.0032743
0.0002973
0.0022423
0.0000003
0.0039713
0.0000003
0.0033773
0.0003033
0.0002973
0.0000003
0.0036033
0.0031403
0.0036363
0.0002833
0.0034753
0.0000253
0.0000003
0.0003023
0.0065673
0.1218023
0.0062443
0.0003573
0.0230963
0.0000053
0.0417873
0.0050673
0.0035093
0.0306763
0.0074163
0.0000003
0.0000003
0.0000003
0.0003113
0.0000003
0.0000063
0.0000003
0.0110603
0.0002973
0.0000003
0.0060763
0.0003403
0.0059003
0.0040623
0.0000003
0.0003113
0.0165233
0.0010473
0.0000003
0.0000003
0.0000003
0.0000773
0.0064223
0.0095673
0.0000003
0.0038863
0.0000003
0.0409143
0.0000003
0.0003593
0.0023633
0.0033383
0.0003623
0.0000003
0.0000003
0.0000003
0.2166083
0.0000003
0.0000003
0.0000003
0.0003113
0.0034013
0.0073093
0.0084343
0.0000003
0.0000003
0.0000283
0.0013813
0.0000003
0.0014713
0.0050673
0.0002833
0.0031573
0.0022403
0.0040413
0.0067603
0.0003553
0.0000003
0.0180613
0.0181533
0.0003033
0.0054313
0.0003593
0.0000003
0.0000003
0.0027353
0.0000003
0.0054313
0.0000003
0.0034673
0.0050673
0.0003403
0.0000003
0.0002833
0.0054313
0.0000773
0.0409453
0.0069713
0.0002833
0.0065943
0.0003623
0.1130803
0.0000003
0.0013823
0.0046253
0.0000003
0.0000003
0.0000003
0.0051253
0.0007363
0.0000003
0.0003113
0.0000003
0.0032413
0.0039713
0.0000003
0.0010253
0.0003573
0.0000003
0.0000003
0.0003673
0.0040083
0.0003723
0.0000003
0.0003683
0.0043573
0.0194623
0.0000003
0.0000003
0.0038193
0.0208333
0.0000003
0.0003023
0.0000003
0.0000003
0.0057903
0.0050183
0.0033853
0.0000003
0.0000003
0.0000083
0.0000003
0.0090243
0.0038863
0.0003323
0.0018013
0.0068843
0.0000003
0.0000003
0.0412593
0.0003573
0.0000003
0.0031573
0.0269183
0.0045213
0.0000003
0.0000003
0.0017583
0.0000003
0.0064913
0.0000003
0.0000003
0.0000083
0.0000283
0.0000053
0.0053373
0.0039063
0.0000063
0.0000003
0.0003713
0.0032903
0.0003723
0.0000003
0.0069073
0.0300593
0.0000003
0.0033693
0.0041403
0.0006133
0.0000003
0.0000003
0.0000003
0.0012563
0.0038913
0.0045273
0.0080433
0.0003113
0.0013083
0.0159213
0.0000003
0.0000003
0.0000003
0.0000003
0.0051413
0.0000003
0.0049833
0.0000773
0.0013683
0.0000003
0.0000003
0.0092563
0.0002833
0.0003593
0.0000003
0.0000003
0.0050363
0.0000003
0.0223743
0.0034033
0.0000003
0.0006723
0.0003403
0.0050673
0.0310503
0.0000253
0.0003113
0.0003113
0.0040513
0.0000003
0.0003643
0.0002973
0.0003113
0.0005223
0.0018333
0.0054313
0.0040083
0.0106153
0.0000003
0.0046773
0.0000003
0.0050673
0.0006133
0.0057443
0.1535263
0.0000003
0.0014613
0.0009423
0.0075213
0.0143293
0.0000003
0.0099523
0.0000773
0.0065643
0.0377533
0.0049833
0.0124563
0.0967903
0.0000003
0.0039033
0.0046653
0.0448893
0.0000003
0.0002833
0.0000003
0.0066073
0.0000003
0.0000003
0.0000003
0.0135353
0.0003713
0.0054313
0.0031403
0.1209913
0.0448893
0.0000003
0.0037573
0.0031753
0.0032543
0.0000253
0.0000003
0.2650443
0.0065673
0.0000003
0.0082943
0.0000003
0.0000003
0.0042083
0.0003613
0.0003613
0.0038193
0.0003593
0.0000003
0.0047253
0.0000003
0.0000003
0.0003623
0.0459733
0.0000003
0.0006293
0.0034753
0.0003113
0.0439283
0.0032743
0.0012563
0.0003723
0.0013083
0.0039713
0.0023383
0.0000773
0.0003033
0.0144113
0.0000003
0.0003713
0.0003023
0.0000003
0.0038193
0.0006343
0.0003593
0.0056043
0.0000003
0.0038643
0.0000003
0.0075313
0.0067683
0.0076113
0.0167003
0.0054313
0.0030333
0.0000533
0.0000003
0.0000003
0.0000003
0.0003113
0.0087083
0.0136563
0.0049833
0.0000003
0.0034353
0.0048963
0.0034503
0.0065903
0.0003023
0.0000003
0.0000003
0.0000003
0.0160173
0.0029183
0.0003023
0.0282913
0.0154133
0.0000003
0.0000003
0.0000283
0.0084493
0.0409563
0.0000003
0.0000003
0.0000003
0.0000103
0.0156733
0.0000773
0.0000253
0.0003713
0.0063633
0.0013083
0.0209313
0.0000773
0.0000003
0.0006133
0.0226003
0.0065523
0.0000003
0.0095673
0.0003553
0.0002973
0.0003403
0.0000003
0.0040413
0.0081533
0.0003573
0.0409253
0.0040413
0.0045213
0.0026693
0.0000283
0.0033693
0.0060323
0.2295193
0.0000003
0.0000253
0.0000253
0.0033773
0.1736753
0.0000003
0.0046653
0.0002973
0.0038863
0.0017653
0.0000253
0.0000003
0.0003033
0.0036193
0.0038863
0.0060433
0.0000003
0.0000003
0.0000003
0.0890953
0.0003573
0.0065613
0.0003033
0.0000003
0.0003113
0.0140943
0.1581923
0.0000003
0.0000003
0.0074113
0.0050183
0.0000003
0.0040413
0.0000003
0.0032543
0.0003723
0.0668703
0.0068203
0.0154903
0.0000253
0.0000053
0.0000003
0.0003593
0.0003593
0.0000003
0.0000003
0.0003023
0.0000003
0.0000003
0.0000003
0.0082573
0.0000773
0.0447323
0.0000003
0.0073783
0.0048363
0.0000003
0.0026193
0.0081583
0.0002973
0.0037573
0.0027903
0.0000003
0.0018333
0.0044913
0.0000003
0.0000003
0.0010633
0.0003623
0.0052183
0.0079063
0.0003023
0.0017733
0.0044023
0.0034233
0.0000003
0.0405493
0.0014613
0.0115443
0.0155553
0.0000003
0.0000003
0.0003323
0.0066113
0.0033693
0.0000003
0.0014073
0.0003323
0.0000003
0.0000003
0.0054313
0.0049833
0.0320873
0.0002873
0.0046863
0.0003713
0.0280183
0.0000003
0.0040083
0.0081103
0.0000003
0.0003033
0.0000003
0.0000003
0.0203733
0.0000003
0.0003023
0.0208413
0.0081583
0.0072243
0.0000003
0.0003593
0.0000003
0.0001573
0.0039713
0.0003713
0.0003713
0.0003153
0.0007363
0.0074483
0.0155553
0.0000003
0.0000003
0.0003403
0.0003113
0.0002833
0.0003573
0.0020563
0.0004683
0.0000003
0.0000003
0.0000253
0.0000003
0.0181863
0.0000003
0.0000003
0.0000773
0.0003713
0.0246663
0.0266883
0.0081283
0.0000063
0.0000533
0.0000773
0.0000003
0.0030763
0.0023253
0.0144113
0.0000003
0.0000003
0.0003403
0.0000003
0.0025843
0.0003023
0.0039713
0.0010253
0.0000003
0.0103113
0.0047043
0.0040413
0.0321273
0.0002973
0.0000253
0.0000003
0.0033933
0.0010063
0.0003033
0.0030763
0.0018323
0.0000003
0.0000003
0.0039713
0.0000003
0.0048763
0.0040413
0.0000003
0.0041123
0.0000003
0.0013363
0.0000003
0.0008183
0.0320233
0.0065173
0.0003553
0.0115743
0.0115513
0.0000283
0.0013113
0.0040623
0.0003573
0.0000283
0.0000063
0.0003113
0.0171413
0.0002973
0.0000003
0.0115743
0.0041123
0.0102223
0.0000283
0.0000003
0.0049833
0.0000003
0.0000003
0.0034503
0.0000003
0.0000533
0.0042753
0.0003033
0.0000003
0.0035093
0.0000283
0.0003613
0.0000003
0.0006343
0.0000003
0.0000003
0.0000003
0.0000003
0.0003593
0.0029413
0.0000533
0.0108693
0.0064733
0.0000253
0.0102883
0.0003673
0.0003683
0.0000003
0.0044403
0.0003723
0.0102223
0.0035093
0.0032333
0.0000003
0.0000003
0.0003593
0.0050673
0.0034653
0.0143293
0.0003713
0.0000003
0.0033383
0.0000003
0.0018463
0.0009233
0.0070523
0.0050673
0.0000003
0.0006343
0.0000003
0.0000003
0.0000003
0.0033693
0.0000003
0.0000003
0.0000003
0.0000283
0.0000053
0.2748323
0.0000003
0.0033113
0.0000003
0.0021023
0.0051413
0.0031573
0.0003113
0.0000003
0.0000773
0.0033853
0.0003793
0.0003023
0.0022593
0.0000003
0.0094363
0.0003553
0.0000003
0.0000003
0.0040893
0.0035893
0.0036363
0.0000003
0.0000003
0.0000003
0.0003023
0.0000003
0.0002833
0.0001573
0.0000003
0.0003713
0.0000003
0.0156813
0.0000283
0.0000003
0.0045213
0.0180613
0.0001573
0.0024173
0.0034753
0.0041123
0.0000773
0.0049833
0.0000003
0.0040083
0.0003113
0.0003683
0.0000003
0.0000003
0.0000003
0.0000253
0.0065973
0.0000003
0.0051413
0.0178573
0.0000003
0.0000003
0.0000003
0.1813353
0.0029413
0.0001113
0.0000003
0.0003673
0.0000003
0.0002833
0.0000003
0.0017233
0.0000003
0.0054313
0.0000773
0.0000003
0.0003573
0.0046653
0.0003573
0.0145033
0.0003713
0.0003023
0.0003323
0.0039713
0.0000003
0.0003323
0.0000003
0.0000003
0.0007263
0.0000003
0.0086053
0.0084643
0.0406703
0.0000003
0.0013093
0.0057613
0.0000003
0.0007113
0.0000003
0.0021733
0.0215093
0.0049833
0.0003593
0.0000003
0.0000253
0.0013823
0.0040083
0.2587683
0.0000003
0.0039263
0.0000003
0.0245083
0.0000003
0.0031753
0.0067923
0.0000003
0.0094323
0.0000003
0.0065943
0.0002973
0.0036573
0.0003723
0.0000003
0.0078593
0.0006133
0.0000003
0.0000003
0.0000003
0.0003203
0.0018913
0.0000003
0.0002833
0.0000003
0.0003113
0.0023523
0.0003403
0.0046133
0.0000003
0.0003113
0.0031753
0.0070673
0.0218893
0.0003723
0.0000003
0.0028363
0.0000003
0.0000533
0.0006133
0.0000003
0.0099953
0.0003023
0.0000003
0.0000003
0.0060163
0.0000003
0.0000003
0.0016043
0.0003023
0.0050673
0.0000003
0.0000533
0.0115353
0.0003403
0.0000003
0.0055663
0.0000003
0.0030663
0.0034013
0.0000773
0.0000003
0.0002833
0.0000533
0.0000003
0.0187123
0.0122663
0.1182343
0.0003113
0.0000003
0.0034943
0.0000103
0.0319363
0.0000003
0.0045213
0.0219833
0.0003113
0.0000003
0.0000063
0.0041403
0.0050673
0.0041563
0.0433213
0.0003673
0.0044023
0.0007263
0.0000003
0.0009233
0.0033383
0.0065673
0.0000003
0.0308013
0.0003553
0.0003113
0.0032543
0.0003713
0.0003593
0.0006133
0.0000003
0.0000003
0.0031573
0.0035093
0.0038863
0.0003033
0.0030763
0.0451933
0.0000283
0.0000003
0.0000003
0.0000003
0.0000003
0.0003593
0.0006343
0.0033383
0.0000003
0.0000003
0.0000003
0.0002973
0.0000003
0.0000003
0.0034033
0.0000003
0.0003023
0.0046653
0.0030763
0.0000063
0.0039713
0.0002833
0.0000003
0.0016203
0.0000003
0.0003493
0.0162203
0.0002833
0.0003113
0.0016043
0.0000003
0.0015853
0.0003023
0.0232243
0.0050673
0.0003593
0.0058703
0.0000003
0.0000003
0.0042453
0.0000003
0.0000063
0.0003113
0.0003623
0.0000003
0.0000003
0.0067283
0.0133273
0.0000253
0.0193463
0.0042083
0.0448893
0.0000003
0.0020513
0.0032743
0.0025003
0.0034513
0.0000003
0.0000003
0.0030763
0.0003573
0.0140943
0.0073773
0.0068843
0.0031403
0.0002973
0.0001113
0.0131983
0.0046133
0.0000003
0.0039263
0.0000003
0.0000003
0.0027903
0.0003673
0.0000003
0.0003713
0.0000253
0.0000773
0.0087083
0.0000253
0.0000003
0.2230073
0.0034503
0.0054313
0.0000003
0.0050673
0.0041403
0.0058933
0.0003593
0.0033693
0.0003023
0.0000253
0.0003023
0.0000003
0.0003683
0.0003723
0.0003683
0.0000053
0.0000003
0.0000003
0.0534243
0.0000003
0.0010843
0.0040393
0.0003623
0.0000003
0.0000003
0.0000003
0.0000003
0.0000003
0.0018013
0.0000253
0.0003713
0.0433723
0.0003033
0.0018463
0.0000003
0.0079063
0.1043363
0.0000283
0.0084343
0.0000003
0.0153903
0.0133223
0.0034503
0.0010473
0.0014613
0.0054313
0.0073713
0.0010963
0.0000003
0.0000053
0.0003573
0.0003553
0.0003023
0.0000003
0.0006243
0.0050183
0.0000533
0.0000003
0.0000533
0.0000003
0.0561323
0.0003593
0.0000003
0.0035683
0.0003593
0.0060223
0.0096483
0.0000003
0.0258253
0.0041563
0.2549393
0.0039263
0.0003113
0.0000003
0.0003033
0.0003033
0.0034943
0.0073523
0.0081243
0.0000253
0.0002973
0.0389213
0.0003683
0.0000003
0.0003493
0.0002833
0.0010843
0.0003713
0.0000063
0.0035093
0.0040383
0.0000003
0.0534553
0.0000003
0.1271053
0.0000003
0.0146173
0.0034013
0.2748323
0.0007263
0.0000003
0.0000253
0.0174583
0.0014613
0.0035093
0.0000533
0.0000003
0.0003683
0.0000003
0.0073913
0.0027223
0.0000003
0.0115743
0.0033693
0.0126153
0.0041123
0.0003023
0.0000253
0.0031573
0.0006133
0.0000003
0.0049773
0.0000253
0.0000003
0.0000003
0.0003673
0.0071283
0.0049833
0.0000003
0.0000003
0.0048243
0.0524513
0.0010473
0.0089473
0.0003113
0.0000003
0.0000003
0.0000533
0.0032923
0.0032903
0.0000003
0.0230753
0.0030763
0.0000003
0.0000533
0.0003113
0.1563763
0.0000053
0.0020903
0.0125233
0.0000003
0.0000003
0.0040413
0.0000283
0.0000003
0.0003023
0.0006243
0.0003113
0.0000253
0.0033773
0.0014583
0.0000253
0.0034653
0.0041123
0.0040083
0.0000003
0.0000003
0.0030763
0.0402433
0.0003403
0.0006343
0.0002973
0.0094703
0.0013823
0.1234093
0.0000003
