34961.8331163
3070.3828283
37404.0432083
44026.0780983
3070.3828283
37187.9015213
3070.3828283
3070.3828283
3070.3828283
41421.4706133
19074.9630693
3070.3828283
32534.8487133
29092.2975483
3070.3828283
3070.3828283
3070.3828283
38871.5676733
38251.6938833
3070.3828283
38537.7490563
42060.6400813
3070.3828283
36563.9821553
3070.3828283
41224.4525393
34660.8855973
11642.8980333
10614.4070073
18182.8873493
23881.5958463
3070.3828283
3070.3828283
3070.3828283
16135.1082413
25001.6347983
3070.3828283
3070.3828283
3070.3828283
3070.3828283
5746.3299903
3070.3828283
4820.8767823
3070.3828283
3070.3828283
12147.9294593
25431.1861103
29690.7201603
17764.9222443
3070.3828283
15281.2050423
43668.9829793
19843.4405523
4679.2880123
3249.1500713
3070.3828283
17056.8236093
16018.7601833
56551.6844933
17398.1553213
3070.3828283
31786.2884703
19446.9879653
3070.3828283
3070.3828283
3070.3828283
15132.7234833
3070.3828283
3070.3828283
3070.3828283
3070.3828283
3070.3828283
3070.3828283
3070.3828283
3070.3828283
3070.3828283
3070.3828283
3070.3828283
10801.4569913
3070.3828283
10845.4916733
3070.3828283
3070.3828283
3070.3828283
12487.7233943
11033.2417113
3070.3828283
10444.7754353
3070.3828283
3070.3828283
3070.3828283
3070.3828283
3070.3828283
8142.3783623
3070.3828283
3070.3828283
3070.3828283
3070.3828283
3070.3828283
3070.3828283
3070.3828283
3070.3828283
3070.3828283
3070.3828283
3070.3828283
3070.3828283
3070.3828283
3070.3828283
3070.3828283
3070.3828283
13417.9881663
3070.3828283
3070.3828283
3070.3828283
3070.3828283
3070.3828283
10561.7034373
20360.1275663
3070.3828283
30812.5241643
4858.0552553
31402.7227883
26283.8610393
3070.3828283
3070.3828283
3070.3828283
42239.4610293
27277.8525763
44023.3923643
33573.5132043
30241.0068323
37861.8792503
34590.0953983
3070.3828283
3070.3828283
3070.3828283
3070.3828283
3070.3828283
3070.3828283
3070.3828283
3070.3828283
3070.3828283
3070.3828283
21892.6378373
3070.3828283
3070.3828283
3070.3828283
3070.3828283
12338.0512113
3070.3828283
3070.3828283
3070.3828283
3070.3828283
3070.3828283
3070.3828283
3070.3828283
3070.3828283
3070.3828283
3070.3828283
3070.3828283
3070.3828283
3070.3828283
14762.8945673
3070.3828283
3070.3828283
12149.3090363
3070.3828283
3070.3828283
31599.4547133
3070.3828283
3070.3828283
3070.3828283
31892.7335043
3070.3828283
16739.1627783
3070.3828283
3070.3828283
3070.3828283
3070.3828283
3070.3828283
3070.3828283
55285.0702963
3070.3828283
3070.3828283
3070.3828283
47760.7973953
31151.5671833
5241.6870913
3070.3828283
30029.7654233
3070.3828283
29691.9023863
47591.8658763
3070.3828283
3070.3828283
3070.3828283
3070.3828283
3070.3828283
3070.3828283
3070.3828283
3070.3828283
3070.3828283
3070.3828283
3070.3828283
3070.3828283
55285.0702963
3070.3828283
3070.3828283
3070.3828283
47207.2644733
3070.3828283
3070.3828283
40647.5113333
3070.3828283
3070.3828283
3070.3828283
30868.1388613
3070.3828283
3070.3828283
14242.5525063
27471.2038423
3070.3828283
3070.3828283
27292.4365993
3964.2190413
3070.3828283
3070.3828283
4016.2609983
3070.3828283
3070.3828283
15331.8879123
3070.3828283
12848.5256033
21829.4752573
23943.0110143
16386.8381733
3070.3828283
3070.3828283
3070.3828283
14071.5612083
3070.3828283
11538.7682223
3070.3828283
10679.3410973
3070.3828283
3070.3828283
3070.3828283
3070.3828283
3070.3828283
3070.3828283
3070.3828283
3070.3828283
3070.3828283
3070.3828283
3070.3828283
3070.3828283
10353.5191983
3070.3828283
3070.3828283
3070.3828283
3070.3828283
3070.3828283
3070.3828283
3070.3828283
3070.3828283
3070.3828283
27966.1453283
3070.3828283
3070.3828283
3070.3828283
22606.5485933
15503.1869353
3070.3828283
3070.3828283
3070.3828283
3070.3828283
16913.3596873
3070.3828283
3070.3828283
38852.0610723
40826.2785763
3070.3828283
7539.5638963
3070.3828283
40647.5113333
34274.8004943
3070.3828283
40453.4881263
37325.5775223
11006.6935253
3070.3828283
12259.3547973
9725.3820173
9711.6466063
3070.3828283
3070.3828283
8403.7134333
3070.3828283
3070.3828283
3070.3828283
3070.3828283
3070.3828283
11245.7656853
3070.3828283
3070.3828283
3070.3828283
3070.3828283
3070.3828283
3070.3828283
8147.9943183
3070.3828283
3070.3828283
10290.3831793
9070.1365673
3070.3828283
3070.3828283
3070.3828283
3070.3828283
3070.3828283
3070.3828283
3070.3828283
3070.3828283
3070.3828283
3070.3828283
3070.3828283
3070.3828283
3070.3828283
3070.3828283
3070.3828283
3070.3828283
3070.3828283
3070.3828283
3070.3828283
3070.3828283
3070.3828283
3070.3828283
10936.1415083
3070.3828283
3070.3828283
3070.3828283
3070.3828283
3070.3828283
3070.3828283
3070.3828283
3249.1500713
3070.3828283
3070.3828283
3070.3828283
3070.3828283
48267.5919513
3070.3828283
28823.5861353
25682.5299603
56551.6844933
3070.3828283
3070.3828283
3070.3828283
3070.3828283
29161.4491733
3070.3828283
3070.3828283
25637.3291463
3070.3828283
3070.3828283
3070.3828283
3070.3828283
3070.3828283
3070.3828283
3070.3828283
55454.0018153
3070.3828283
3070.3828283
3070.3828283
3070.3828283
3070.3828283
3070.3828283
3070.3828283
3070.3828283
3070.3828283
3070.3828283
3070.3828283
3070.3828283
3070.3828283
3070.3828283
3070.3828283
3070.3828283
3070.3828283
3070.3828283
3070.3828283
3070.3828283
3070.3828283
8607.0754253
3070.3828283
3070.3828283
3070.3828283
3070.3828283
3070.3828283
3070.3828283
3070.3828283
3070.3828283
3070.3828283
3070.3828283
3070.3828283
3070.3828283
3070.3828283
3070.3828283
24206.4597553
3070.3828283
12084.9539473
3070.3828283
19757.2964733
19022.6060883
3070.3828283
3070.3828283
3070.3828283
3070.3828283
3070.3828283
3070.3828283
3070.3828283
3070.3828283
3070.3828283
3070.3828283
3070.3828283
10580.1326653
53367.6941163
3070.3828283
3070.3828283
45006.9502733
3070.3828283
3070.3828283
3070.3828283
3070.3828283
3070.3828283
3070.3828283
3070.3828283
3070.3828283
3070.3828283
3070.3828283
3070.3828283
3070.3828283
3070.3828283
3070.3828283
3070.3828283
3070.3828283
3070.3828283
3070.3828283
3070.3828283
3070.3828283
24053.7816973
3070.3828283
3070.3828283
3070.3828283
3070.3828283
3070.3828283
3070.3828283
3070.3828283
3070.3828283
3070.3828283
3070.3828283
3070.3828283
3070.3828283
3070.3828283
3070.3828283
3070.3828283
16154.5030833
3070.3828283
3070.3828283
3070.3828283
3070.3828283
3070.3828283
22173.3247063
3070.3828283
3070.3828283
3606.6845563
3427.9173133
3070.3828283
12430.2556863
3070.3828283
3070.3828283
3070.3828283
3070.3828283
3070.3828283
3070.3828283
8607.0754253
3070.3828283
3070.3828283
3070.3828283
3070.3828283
3070.3828283
3070.3828283
3070.3828283
3070.3828283
3070.3828283
3070.3828283
3070.3828283
3070.3828283
3070.3828283
7248.5421483
3070.3828283
3070.3828283
9152.9761663
3070.3828283
3070.3828283
30675.3042193
21713.8705953
3070.3828283
3070.3828283
8790.9345953
15630.4066683
3070.3828283
3070.3828283
3070.3828283
3070.3828283
3070.3828283
3070.3828283
3070.3828283
3070.3828283
3070.3828283
3070.3828283
3070.3828283
3070.3828283
3070.3828283
3070.3828283
3070.3828283
3070.3828283
3070.3828283
3070.3828283
3070.3828283
3070.3828283
3070.3828283
3070.3828283
3070.3828283
3070.3828283
3070.3828283
3070.3828283
3070.3828283
3070.3828283
3070.3828283
3070.3828283
3070.3828283
3070.3828283
15786.1665563
3070.3828283
3070.3828283
3070.3828283
3070.3828283
3070.3828283
3070.3828283
3070.3828283
3070.3828283
3070.3828283
3070.3828283
3070.3828283
3070.3828283
3070.3828283
3070.3828283
3070.3828283
3070.3828283
3070.3828283
3070.3828283
3070.3828283
3070.3828283
3070.3828283
3070.3828283
3070.3828283
3070.3828283
3070.3828283
3070.3828283
3070.3828283
3070.3828283
3070.3828283
3070.3828283
7606.0766333
3070.3828283
3070.3828283
3070.3828283
3070.3828283
3070.3828283
3070.3828283
3070.3828283
3070.3828283
3070.3828283
3070.3828283
3070.3828283
3070.3828283
32804.1224953
3070.3828283
3070.3828283
3070.3828283
3070.3828283
13213.4959293
3070.3828283
3070.3828283
3070.3828283
3070.3828283
3070.3828283
3070.3828283
3070.3828283
3070.3828283
3070.3828283
3070.3828283
3070.3828283
3070.3828283
3070.3828283
3070.3828283
3070.3828283
3070.3828283
3070.3828283
3070.3828283
3070.3828283
3070.3828283
3070.3828283
3070.3828283
3070.3828283
3070.3828283
3070.3828283
3070.3828283
7176.9374833
3070.3828283
3070.3828283
3070.3828283
3070.3828283
3070.3828283
3070.3828283
3070.3828283
3070.3828283
3070.3828283
3070.3828283
18782.1973243
3070.3828283
3070.3828283
3070.3828283
3070.3828283
3070.3828283
11984.5776373
3070.3828283
3070.3828283
13222.7894153
8321.1456043
3070.3828283
3070.3828283
3070.3828283
3070.3828283
3070.3828283
3070.3828283
3070.3828283
3070.3828283
3070.3828283
3070.3828283
3070.3828283
3070.3828283
3070.3828283
3070.3828283
3070.3828283
3070.3828283
3070.3828283
3070.3828283
3070.3828283
3070.3828283
3070.3828283
3070.3828283
3070.3828283
3070.3828283
3070.3828283
3070.3828283
3070.3828283
3070.3828283
3070.3828283
3070.3828283
3070.3828283
3070.3828283
3070.3828283
3070.3828283
3070.3828283
15220.7527193
5036.8224983
21977.7295593
16642.4069113
3070.3828283
3070.3828283
3070.3828283
3070.3828283
3070.3828283
3070.3828283
3070.3828283
3070.3828283
3070.3828283
11721.7624963
3070.3828283
3070.3828283
3070.3828283
3070.3828283
3070.3828283
3070.3828283
3070.3828283
3070.3828283
3070.3828283
3070.3828283
3070.3828283
3070.3828283
3070.3828283
3070.3828283
21330.1163323
3070.3828283
3070.3828283
3070.3828283
3070.3828283
3070.3828283
3070.3828283
3070.3828283
3070.3828283
3070.3828283
3070.3828283
3070.3828283
3070.3828283
3070.3828283
3070.3828283
3070.3828283
3070.3828283
30404.4890553
3070.3828283
3070.3828283
3070.3828283
16024.6228753
3070.3828283
3070.3828283
3070.3828283
3070.3828283
3070.3828283
3070.3828283
3070.3828283
3070.3828283
18208.3742393
12388.0883403
21330.1163323
3070.3828283
3070.3828283
20948.3696123
25010.5621373
3070.3828283
3070.3828283
3070.3828283
3070.3828283
3070.3828283
3070.3828283
36869.0259893
3070.3828283
40453.4881263
3070.3828283
3070.3828283
3070.3828283
3070.3828283
3070.3828283
3070.3828283
3070.3828283
3070.3828283
3070.3828283
3070.3828283
3070.3828283
8907.6961863
11476.9503213
7069.9961753
3070.3828283
9350.5458183
7651.0122893
3070.3828283
7835.0927293
17461.5844783
3070.3828283
3070.3828283
3070.3828283
3070.3828283
10189.1884523
3070.3828283
3070.3828283
3070.3828283
3070.3828283
3070.3828283
3070.3828283
3070.3828283
3070.3828283
3070.3828283
3070.3828283
8901.5878983
3070.3828283
3070.3828283
3070.3828283
3070.3828283
3070.3828283
3070.3828283
3070.3828283
3070.3828283
3070.3828283
3070.3828283
3070.3828283
3070.3828283
3070.3828283
3070.3828283
3070.3828283
3070.3828283
3070.3828283
3070.3828283
3070.3828283
3070.3828283
3070.3828283
3070.3828283
3070.3828283
3070.3828283
3070.3828283
3070.3828283
3070.3828283
3070.3828283
3070.3828283
3070.3828283
3070.3828283
3070.3828283
3070.3828283
3070.3828283
3070.3828283
3070.3828283
3070.3828283
3070.3828283
3070.3828283
3070.3828283
3070.3828283
3070.3828283
3070.3828283
3070.3828283
3070.3828283
3070.3828283
3070.3828283
3070.3828283
3070.3828283
12436.8314673
3070.3828283
3070.3828283
3070.3828283
3070.3828283
3070.3828283
3070.3828283
3070.3828283
3070.3828283
5394.3569833
3070.3828283
3070.3828283
3070.3828283
3070.3828283
3070.3828283
3070.3828283
3070.3828283
3070.3828283
3070.3828283
3070.3828283
3070.3828283
3070.3828283
3070.3828283
3070.3828283
3070.3828283
3070.3828283
3070.3828283
3070.3828283
3070.3828283
3070.3828283
3070.3828283
3070.3828283
3070.3828283
3070.3828283
3070.3828283
3070.3828283
3070.3828283
3070.3828283
3070.3828283
3070.3828283
3070.3828283
3070.3828283
3070.3828283
3070.3828283
3070.3828283
3070.3828283
3070.3828283
3070.3828283
3070.3828283
3070.3828283
3070.3828283
3070.3828283
3070.3828283
3070.3828283
3070.3828283
3070.3828283
3070.3828283
3070.3828283
30675.3042193
3070.3828283
3070.3828283
3070.3828283
3070.3828283
3070.3828283
3070.3828283
3070.3828283
3070.3828283
3070.3828283
3070.3828283
3070.3828283
3070.3828283
3070.3828283
3070.3828283
3070.3828283
3070.3828283
3070.3828283
3070.3828283
3070.3828283
11962.1252303
3070.3828283
3070.3828283
3070.3828283
3070.3828283
3070.3828283
3070.3828283
3070.3828283
3070.3828283
3070.3828283
3070.3828283
3070.3828283
9279.5264353
3070.3828283
3070.3828283
3070.3828283
3070.3828283
3070.3828283
3070.3828283
3070.3828283
3070.3828283
3070.3828283
3070.3828283
3070.3828283
3070.3828283
3070.3828283
3070.3828283
3070.3828283
3070.3828283
3070.3828283
3070.3828283
3070.3828283
3070.3828283
3070.3828283
3070.3828283
3070.3828283
3070.3828283
3070.3828283
3070.3828283
3070.3828283
3070.3828283
3070.3828283
3070.3828283
3070.3828283
3070.3828283
3070.3828283
3070.3828283
3070.3828283
3070.3828283
3070.3828283
3070.3828283
3070.3828283
3070.3828283
3070.3828283
3070.3828283
3070.3828283
3070.3828283
3070.3828283
3070.3828283
3070.3828283
3070.3828283
3070.3828283
3070.3828283
3070.3828283
11891.9524593
3070.3828283
3070.3828283
3070.3828283
3070.3828283
11621.5238023
3070.3828283
3070.3828283
3070.3828283
3070.3828283
3070.3828283
3070.3828283
3070.3828283
3070.3828283
3070.3828283
3070.3828283
3070.3828283
3070.3828283
3070.3828283
3070.3828283
3070.3828283
3070.3828283
3070.3828283
3070.3828283
3070.3828283
3070.3828283
3070.3828283
3070.3828283
3070.3828283
3070.3828283
3070.3828283
3070.3828283
3070.3828283
3070.3828283
3070.3828283
3070.3828283
3070.3828283
3070.3828283
3070.3828283
3070.3828283
3070.3828283
8046.1789473
3070.3828283
3070.3828283
3070.3828283
3070.3828283
3070.3828283
3070.3828283
3070.3828283
3070.3828283
3070.3828283
3070.3828283
3070.3828283
3070.3828283
3070.3828283
3070.3828283
3070.3828283
3070.3828283
3070.3828283
3070.3828283
3070.3828283
3070.3828283
3070.3828283
3070.3828283
3070.3828283
3070.3828283
3070.3828283
3070.3828283
3070.3828283
3070.3828283
3070.3828283
3070.3828283
3070.3828283
3070.3828283
3070.3828283
3070.3828283
3070.3828283
3070.3828283
3070.3828283
11604.5907443
3070.3828283
3070.3828283
3070.3828283
3070.3828283
3070.3828283
3070.3828283
3070.3828283
3070.3828283
3070.3828283
3070.3828283
3070.3828283
3070.3828283
3070.3828283
3070.3828283
3070.3828283
3070.3828283
3070.3828283
3070.3828283
3070.3828283
3070.3828283
3070.3828283
3070.3828283
3070.3828283
3070.3828283
3070.3828283
3070.3828283
3070.3828283
3070.3828283
3070.3828283
3070.3828283
3070.3828283
12630.5844363
3070.3828283
3070.3828283
3070.3828283
3070.3828283
3070.3828283
3070.3828283
3070.3828283
3070.3828283
3070.3828283
12606.1184703
11006.6935253
3070.3828283
3070.3828283
3070.3828283
3070.3828283
3070.3828283
3070.3828283
3070.3828283
3070.3828283
3070.3828283
11394.4100683
3070.3828283
3070.3828283
3070.3828283
3070.3828283
3070.3828283
3070.3828283
3070.3828283
3070.3828283
3070.3828283
3070.3828283
3070.3828283
3070.3828283
3070.3828283
3070.3828283
3070.3828283
3070.3828283
3070.3828283
3070.3828283
3070.3828283
3070.3828283
3070.3828283
3070.3828283
3070.3828283
3070.3828283
3070.3828283
3070.3828283
3070.3828283
3070.3828283
3070.3828283
3070.3828283
3070.3828283
3070.3828283
3070.3828283
3070.3828283
3070.3828283
3070.3828283
3070.3828283
3070.3828283
3070.3828283
3070.3828283
3070.3828283
3070.3828283
3070.3828283
3070.3828283
3070.3828283
3070.3828283
3070.3828283
3070.3828283
3070.3828283
3070.3828283
3070.3828283
3070.3828283
3070.3828283
3070.3828283
3070.3828283
3070.3828283
3070.3828283
3070.3828283
3070.3828283
3070.3828283
3070.3828283
3070.3828283
3070.3828283
3070.3828283
3070.3828283
3070.3828283
3070.3828283
3070.3828283
3070.3828283
3070.3828283
3070.3828283
3070.3828283
3070.3828283
3070.3828283
3070.3828283
3070.3828283
3070.3828283
3070.3828283
3070.3828283
3070.3828283
3070.3828283
3070.3828283
3070.3828283
3070.3828283
3070.3828283
3070.3828283
3070.3828283
3070.3828283
3070.3828283
3070.3828283
3070.3828283
3070.3828283
3070.3828283
3070.3828283
3070.3828283
3070.3828283
3070.3828283
3070.3828283
3070.3828283
3070.3828283
3070.3828283
3070.3828283
3070.3828283
3070.3828283
3070.3828283
3070.3828283
3070.3828283
3070.3828283
3070.3828283
3070.3828283
3070.3828283
3070.3828283
3070.3828283
3070.3828283
3070.3828283
3070.3828283
3070.3828283
3070.3828283
3070.3828283
3070.3828283
