0.0264533
0.0000003
0.0000003
0.0000003
0.0000003
0.0000003
0.0952053
0.1399773
0.1182433
0.0000003
0.0000003
0.0000003
0.0000003
0.0000003
0.0000003
0.0000003
0.0000003
0.0000003
0.0000003
0.0000003
0.0000003
0.0000003
0.0000003
0.0000003
0.1026103
0.0000003
0.0000003
0.0000003
0.0000003
0.0000003
0.0000003
0.0000003
0.0000003
0.0000003
0.0000003
0.0347743
0.0000003
0.0000003
0.0000003
0.0000003
0.0413983
0.0000003
0.0000003
0.0000003
0.0000003
0.0000003
0.0000003
0.0000003
0.0000003
0.1390623
0.0000003
0.0000003
0.0000003
0.0000003
0.0000003
0.0000003
0.0000003
0.0000003
0.0903013
0.0000003
0.0000003
0.0872103
0.0077563
0.0000003
0.0000003
0.0000003
0.0000003
0.0396483
0.0000003
0.0000003
0.0000003
0.0000003
0.0000003
0.0000003
0.0000003
0.0000003
0.0000003
0.0968663
0.1474323
0.0000003
0.1190453
0.0000003
0.0000003
0.0000003
0.0000003
0.0000003
0.0000003
0.0000003
0.0000003
0.0000003
0.1478443
0.0000003
0.0000003
0.0000003
0.0376013
0.0000003
0.0000003
0.0103843
0.0000003
0.0000003
0.0000003
0.0008133
0.0000003
0.0000003
0.0000003
0.0090343
0.0000003
0.0000003
0.0000003
0.0000003
0.0000003
0.0000003
0.0000003
0.0000003
0.0000003
0.0000003
0.0103253
0.0000003
0.0000003
0.0000003
0.0000003
0.0000003
0.0000003
0.0000003
0.0000003
0.0000003
0.0000003
0.0000003
0.0000003
0.0000003
0.0000003
0.0000003
0.0000003
0.0978023
0.0404793
0.0000003
0.0000003
0.0000003
0.0000003
0.1383833
0.0000003
0.0000003
0.0000003
0.0000003
0.0000003
0.0000003
0.0000003
0.0000003
0.0000003
0.0000003
0.0000003
0.0000003
0.0000003
0.0149553
0.0000003
0.0100213
0.0097683
0.0000003
0.0000003
0.0000003
0.0000003
0.0000003
0.0000003
0.0000003
0.0000003
0.0044953
0.0000003
0.0000003
0.1358613
0.0000003
0.1561583
0.0000003
0.0000003
0.0000003
0.0000003
0.0000003
0.0000003
0.0000003
0.0000003
0.1117423
0.0000003
0.0000003
0.0000003
0.0000003
0.1490693
0.0000003
0.0935653
0.0000003
0.0000003
0.0000003
0.0375763
0.0000003
0.0000003
0.1396683
0.0000003
0.0000003
0.0000003
0.0000003
0.0087423
0.0000003
0.0000003
0.1053783
0.0000003
0.0000003
0.0000003
0.0000003
0.0000003
0.0000003
0.0386473
0.0000003
0.0000003
0.0000003
0.0000003
0.0000003
0.0000003
0.0000003
0.0000003
0.0000003
0.0106513
0.0363543
0.0000003
0.0000003
0.0000003
0.0000003
0.0000003
0.0000003
0.0000003
0.0000003
0.0000003
0.0000003
0.0000003
0.0069953
0.0000003
0.0000003
0.0000003
0.0000003
0.0000003
0.0000003
0.0000003
0.0000003
0.0000003
0.0000003
0.0000003
0.0000003
0.0000003
0.0000003
0.0000003
0.0000003
0.0000003
0.1195023
0.0000003
0.0000003
0.0000003
0.0375183
0.0000003
0.0000003
0.0000003
0.0000003
0.0000003
0.0000003
0.0000003
0.0000003
0.0000003
0.0000003
0.0000003
0.1098073
0.1354863
0.0000003
0.0000003
0.0000003
0.0000003
0.0000003
0.0380953
0.0000003
0.0000003
0.0000003
0.0000003
0.0000003
0.0000003
0.0000003
0.0000003
0.0000003
0.0164483
0.0000003
0.0000003
0.0000003
0.0000003
0.0000003
0.0000003
0.0417923
0.0000003
0.0000003
0.0000003
0.0000003
0.0000003
0.0000003
0.0000003
0.0000003
0.0000003
0.0959763
0.0000003
0.0000003
0.0000003
0.0000003
0.0000003
0.0000003
0.0000003
0.0000003
0.0984193
0.0000003
0.0000003
0.0907763
0.0000003
0.0000003
0.0000003
0.0000003
0.0000003
0.0000003
0.0000003
0.0104063
0.0000003
0.0000003
0.0000003
0.0375633
0.0000003
0.0000003
0.0000003
0.0000003
0.0000003
0.0000003
0.0300133
0.0000003
0.0000003
0.0000003
0.0000003
0.1324563
0.0000003
0.0000003
0.0000003
0.0000003
0.0000003
0.0000003
0.0000003
0.0000003
0.0000003
0.0000003
0.0000003
0.0000003
0.0000003
0.0000003
0.0000003
0.0085483
0.0000003
0.0000003
0.0000003
0.0000003
0.0000003
0.0000003
0.0000003
0.0000003
0.0178923
0.0000003
0.0000003
0.0000003
0.0000003
0.0000003
0.0000003
0.0000003
0.0000003
0.0000003
0.0000003
0.0000003
0.0000003
0.0000003
0.0000003
0.0000003
0.0000003
0.0000003
0.0000003
0.0000003
0.0000003
0.0983093
0.0000003
0.0000003
0.0000003
0.1433003
0.0311033
0.0000003
0.0000003
0.0000003
0.0000003
0.0000003
0.0000003
0.0000003
0.0000003
0.0000003
0.1210163
0.0000003
0.0000003
0.0000003
0.0000003
0.0000003
0.0000003
0.0000003
0.0000003
0.0000003
0.0000003
0.0000003
0.0000003
0.0000003
0.0000003
0.0000003
0.0000003
0.0000003
0.0000003
0.0000003
0.0000003
0.0000003
0.0000003
0.0000003
0.0227403
0.0095403
0.0000003
0.0000003
0.0000003
0.0000003
0.0000003
0.0000003
0.0000003
0.0000003
0.0000003
0.0000003
0.0000003
0.0000003
0.0000003
0.0000003
0.0164063
0.0000003
0.0000003
0.0000003
0.1045433
0.0000003
0.0000003
0.0000003
0.0000003
0.0000003
0.0000003
0.0000003
0.1141793
0.0000003
0.0000003
0.0090243
0.0000003
0.0000003
0.0000003
0.0000003
0.0000003
0.0000003
0.0971143
0.0000003
0.0000003
0.1402123
0.0000003
0.0000003
0.0000003
0.0000003
0.0000003
0.0000003
0.0000003
0.0000003
0.0000003
0.0000003
0.0000003
0.0107023
0.0000003
0.0000003
0.0145863
0.0000003
0.0000003
0.0000003
0.0000003
0.0000003
0.0000003
0.0000003
0.0000003
0.0000003
0.0000003
0.0000003
0.0000003
0.0000003
0.0000003
0.0091703
0.0000003
0.0000003
0.0000003
0.0000003
0.0417053
0.0000003
0.1454363
0.0000003
0.1341583
0.0000003
0.0000003
0.0000003
0.0000003
0.1255663
0.0000003
0.0000003
0.0000003
0.0001363
0.0000003
0.0000003
0.0000003
0.0000003
0.0000003
0.0000003
0.0089503
0.0000003
0.0000003
0.0000003
0.0000003
0.0000003
0.0002843
0.0000003
0.0000003
0.0000003
0.0000003
0.0000003
0.0000003
0.0000003
0.0000003
0.0000003
0.0000003
0.0000003
0.0000003
0.0000003
0.0000003
0.0000003
0.0000003
0.0959993
0.0000003
0.0000003
0.0000003
0.0000003
0.0000003
0.0000003
0.0000003
0.0000003
0.0000003
0.0000003
0.0000003
0.0947113
0.0000003
0.0356093
0.0000003
0.0082053
0.0000003
0.0000003
0.0417053
0.0000003
0.0000003
0.0000003
0.0000003
0.0000003
0.0000003
0.0000003
0.0000003
0.0000003
0.0000003
0.0000003
0.0000003
0.0000003
0.0000003
0.0000003
0.0000003
0.0001593
0.0000003
0.0357293
0.0000003
0.0978423
0.0987873
0.0000003
0.0000003
0.0000003
0.0074753
0.0000003
0.0000003
0.0000003
0.0000003
0.0000003
0.0000003
0.0000003
0.1371553
0.0000003
0.0000003
0.0000003
0.0000003
0.0000003
0.0000003
0.0000003
0.0000003
0.0000003
0.0000003
0.0000003
0.0000003
0.1326403
0.0000003
0.0000003
0.0000003
0.0000003
0.0144433
0.0000003
0.0000003
0.0000003
0.0000003
0.0000003
0.0000003
0.0000003
0.0000003
0.0000003
0.0000003
0.0000003
0.0000003
0.0000003
0.0000003
0.0000003
0.0000003
0.0000003
0.0000003
0.0000003
0.0000003
0.0000003
0.0000003
0.0000003
0.0000003
0.0000003
0.0000003
0.0105853
0.0000003
0.0000003
0.0946783
0.0000003
0.0000003
0.0000003
0.0086783
0.0000003
0.0000003
0.0263823
0.0000003
0.0000003
0.0000003
0.0000003
0.0000003
0.0102493
0.0000003
0.0000003
0.0000003
0.0000003
0.1041543
0.0000003
0.0000003
0.1276853
0.0000003
0.0000003
0.0000003
0.0000003
0.0000003
0.0000003
0.0000003
0.0000003
0.0000003
0.0000003
0.0000003
0.0000003
0.0000003
0.0000003
0.0000003
0.0000003
0.0000003
0.0000003
0.0000003
0.0000003
0.0000003
0.0000003
0.0000003
0.0000003
0.0000003
0.0000003
0.0226963
0.0000003
0.0000003
0.0000003
0.0000003
0.0000003
0.0387883
0.0000003
0.0000003
0.0000003
0.0000003
0.0000003
0.0000003
0.0000003
0.0000003
0.0000003
0.0000003
0.0000003
0.0000003
0.0000003
0.0000003
0.0000003
0.0000003
0.0000003
0.0000003
0.0000003
0.0000003
0.0000003
0.0000003
0.0000003
0.0000003
0.0000003
0.0000003
0.0000003
0.0000003
0.0000003
0.0000003
0.0000003
0.0000003
0.0000003
0.0000003
0.0000003
0.0000003
0.0000003
0.0000003
0.0000003
0.0000003
0.0000003
0.0000003
0.0000003
0.0997043
0.0000003
0.0000003
0.0000003
0.0000003
0.0000003
0.0000003
0.0000003
0.0000003
0.0410623
0.0000003
0.0000003
0.0000003
0.0000003
0.0000003
0.0000003
0.1418073
0.0000003
0.0000003
0.0000003
0.0000003
0.0000003
0.0000003
0.0000003
0.0000003
0.0000003
0.0413023
0.0000003
0.0000003
0.0000003
0.0000003
0.0000003
0.0002373
0.0089313
0.0000003
0.0000003
0.0000003
0.0000003
0.0000003
0.0000003
0.0000003
0.0000003
0.0000003
0.0000003
0.0000003
0.0000003
0.0000003
0.0000003
0.0000003
0.0000003
0.0000003
0.0000003
0.0000003
0.0000003
0.0000003
0.0000003
0.0000003
0.0000003
0.0000003
0.0000003
0.0000003
0.0000003
0.0000003
0.0087003
0.1161943
0.0000003
0.0000003
0.0000003
0.0000003
0.0000003
0.0000003
0.0000003
0.0000003
0.0000003
0.0000003
0.0000003
0.1004753
0.0000003
0.0000003
0.0000003
0.0000003
0.0000003
0.0000003
0.0000003
0.0000003
0.0000003
0.0000003
0.0000003
0.0000003
0.0000003
0.0000003
0.0105593
0.0000003
0.0000003
0.0000003
0.0000003
0.1442993
0.0000003
0.0000003
0.0000003
0.0000003
0.0000003
0.0000003
0.0000003
0.0000003
0.0000003
0.0000003
0.0000003
0.0000003
0.0396143
0.0000003
0.0000003
0.0031893
0.0000003
0.0086903
0.0000003
0.0000003
0.0000003
0.1500433
0.0000003
0.0000003
0.0000003
0.0000003
0.0000003
0.1009043
0.0000003
0.0000003
0.0000003
0.0000003
0.0000003
0.0000003
0.0000003
0.0000003
0.0414433
0.0000003
0.0000003
0.0000003
0.0000003
0.0000003
0.0000003
0.0000003
0.0000003
0.0000003
0.0000003
0.0000003
0.0000003
0.0000003
0.0000003
0.0000003
0.0000003
0.0000003
0.0000003
0.0000003
0.0000003
0.0000003
0.0000003
0.0000003
0.1175923
0.0403633
0.0000003
0.0000003
0.0000003
0.0000003
0.0000003
0.0000003
0.0000003
0.1128953
0.0000003
0.0000003
0.0000003
0.0000003
0.0000003
0.0000003
0.0000003
0.0000003
0.1130593
0.0000003
0.0000003
0.0000003
0.0000003
0.0000003
0.0158993
0.0000003
0.0000003
0.0000003
0.0104563
0.0000003
0.0000003
0.0000003
0.0000003
0.1152513
0.0996523
0.0125623
0.0000003
0.0000003
0.0000003
0.0000003
0.0000003
0.0000003
0.0000003
0.0000003
0.0000003
0.0000003
0.0000003
0.0000003
0.1035933
0.0000003
0.0401113
0.0000003
0.0081393
0.0000003
0.0000003
0.0000003
0.0000003
0.0000003
0.0000003
0.0399093
0.0000003
0.0000003
0.0000003
0.0000003
0.0000003
0.0000003
0.0000003
0.0000003
0.0000003
0.0000003
0.0000003
0.0000003
0.0000003
0.0000003
0.0000003
0.0000003
0.0000003
0.0000003
0.0000003
0.0000003
0.0000003
0.0000003
0.0000003
0.0000003
0.0000003
0.0000003
0.0000003
0.0000003
0.0000003
0.0000003
0.0000003
0.0000003
0.0000003
0.0000003
0.0000003
0.0000003
0.0000003
0.0000003
0.0000003
0.0000003
0.0912903
0.0000003
0.0000003
0.0000003
0.0000003
0.0000003
0.0000003
0.0284333
0.0000003
0.0000003
0.0000003
0.0000003
0.0000003
0.0164943
0.0000003
0.0000003
0.0000003
0.0000003
0.0000003
0.0000003
0.0000003
0.0000003
0.0000003
0.0884493
0.0000003
0.0000003
0.0000003
0.0000003
0.0000003
0.0000003
0.0007033
0.0000003
0.0000003
0.0000003
0.0000003
0.0000003
0.0000003
0.0000003
0.0000003
0.0000003
0.0000003
0.0000003
0.0000003
0.0000003
0.0000003
0.0000003
0.0000003
0.0000003
0.0000003
0.0000003
0.0000003
0.0000003
0.0000003
0.0000003
0.0000003
0.0000003
0.0022103
0.0000003
0.0000003
0.0000003
0.0000003
0.0000003
0.0369283
0.0000003
0.0000003
0.0000003
0.0000003
0.0000003
0.0000003
0.0000003
0.0000003
0.0000003
0.0000003
0.0000003
0.0000003
0.1300143
0.0000003
0.0000003
0.0101893
0.0000003
0.0000003
0.0000003
0.0000003
0.0000003
0.0000003
0.0000003
0.0000003
0.0000003
0.0388753
0.0000003
0.0000003
0.0000003
0.0000003
0.0000003
0.0000003
0.0000003
0.0000003
0.0000003
0.0000003
0.0000003
0.0000003
0.0000003
0.0000003
0.0000003
0.0000003
0.0000003
0.0000003
0.0000003
0.0000003
0.0000003
0.0000003
0.0000003
0.0000003
0.0000003
0.0000003
0.0000003
0.0000003
0.0954203
0.0000003
0.0000003
0.0000003
0.0000003
0.0164833
0.0000003
0.0000003
0.0001363
0.0000003
0.0000003
0.0000003
0.0000003
0.0000003
0.0000003
0.0000003
0.0000003
0.0000003
0.0992183
0.0000003
0.0000003
0.0180443
0.0000003
0.0000003
0.0000003
0.0000003
0.0413023
0.0000003
0.0000003
0.0000003
0.0375763
0.0000003
0.0000003
0.0000003
0.0000003
0.0000003
0.0000003
0.1347533
0.0000003
0.0000003
0.0000003
0.0000003
0.0000003
0.0000003
0.1072263
0.0000003
0.0000003
0.0000003
0.0000003
0.0000003
0.0299123
0.0000003
0.0000003
0.0004723
0.0000003
0.0000003
0.0000003
0.0000003
0.0000003
0.0000003
0.0000003
0.0148283
0.0000003
0.0000003
0.0000003
0.0000003
0.0000003
0.0000003
0.0000003
0.0000003
0.0134143
0.0000003
0.0000003
0.0000003
0.0000003
0.0000003
0.0000003
0.0000003
0.0000003
0.0000003
0.0000003
0.0000003
0.0000003
0.0000003
0.0000003
0.0000003
0.1456963
0.0000003
0.0000003
0.0000003
0.0000003
0.0000003
0.0000003
0.0000003
0.0000003
0.0000003
0.0000003
0.0000003
0.0000003
0.0000003
0.0000003
0.0000003
0.0000003
0.0000003
0.0000003
0.0000003
0.0000003
0.0000003
0.0000003
0.0000003
0.0000003
0.0000003
0.0000003
0.0000003
0.0941363
0.0000003
